"TOA5","12191","CR1000","12191","CR1000.Std.31","CPU:BUAN_SOLYS2(161020_1).CR1","4648","min1"
"TIMESTAMP","RECORD","WS_ms_S_WVT","WindDir_D1_WVT","AirTC_Avg","RH","Rain_mm_Tot","HOR_sun_Avg","HOR_shad_Avg","DIRN_Avg"
"TS","RN","","Deg","","","","","",""
"","","WVc","WVc","Avg","Smp","Tot","Avg","Avg","Avg"
"2018-09-09 00:01:00",720554,0,0,17.49,83.1,0,0,0,0
"2018-09-09 00:02:00",720555,0,0,17.51,83.2,0,0,0,0
"2018-09-09 00:03:00",720556,0,0,17.5,83,0,0,0,0
"2018-09-09 00:04:00",720557,0,0,17.51,83.1,0,0,0,0
"2018-09-09 00:05:00",720558,0,0,17.52,83.2,0,0,0,0
"2018-09-09 00:06:00",720559,0.032,97.6,17.51,83.3,0,0,0,0
"2018-09-09 00:07:00",720560,0,0,17.51,83.3,0,0,0,0
"2018-09-09 00:08:00",720561,0.174,89.8,17.52,83.6,0,0,0,0
"2018-09-09 00:09:00",720562,0.551,87.8,17.49,83.5,0,0,0,0
"2018-09-09 00:10:00",720563,0.604,97,17.47,83.7,0,0,0,0
"2018-09-09 00:11:00",720564,0.253,99.8,17.44,83.8,0,0,0,0
"2018-09-09 00:12:00",720565,0.222,87.9,17.4,83.9,0,0,0,0
"2018-09-09 00:13:00",720566,0.807,85.9,17.38,84.1,0,0,0,0
"2018-09-09 00:14:00",720567,0.218,89.3,17.33,84,0,0,0,0
"2018-09-09 00:15:00",720568,0,0,17.28,84.3,0,0,0,0
"2018-09-09 00:16:00",720569,0,0,17.24,84.2,0,0,0,0
"2018-09-09 00:17:00",720570,0,0,17.19,84.3,0,0,0,0
"2018-09-09 00:18:00",720571,0.234,125.7,17.15,84.7,0,0,0,0
"2018-09-09 00:19:00",720572,0.588,125.4,17.1,84.8,0,0,0,0
"2018-09-09 00:20:00",720573,0.032,151.6,17.06,84.9,0,0,0,0
"2018-09-09 00:21:00",720574,0,0,17.01,84.8,0,0,0,0
"2018-09-09 00:22:00",720575,0.127,90.7,17,85.1,0,0,0,0
"2018-09-09 00:23:00",720576,0,0,17,85.2,0,0,0,0
"2018-09-09 00:24:00",720577,0,0,16.99,85.2,0,0,0,0
"2018-09-09 00:25:00",720578,0,0,16.98,85.3,0,0,0,0
"2018-09-09 00:26:00",720579,0,0,16.96,85.3,0,0,0,0
"2018-09-09 00:27:00",720580,0,0,16.96,85.3,0,0,0,0
"2018-09-09 00:28:00",720581,0,0,16.92,85.5,0,0,0,0
"2018-09-09 00:29:00",720582,0,0,16.93,85.2,0,0,0,0
"2018-09-09 00:30:00",720583,0,0,16.94,85.1,0,0,0,0
"2018-09-09 00:31:00",720584,0,0,16.93,85.1,0,0,0,0
"2018-09-09 00:32:00",720585,0.174,82.6,16.9,85.3,0,0,0,0
"2018-09-09 00:33:00",720586,0,0,16.89,85.2,0,0,0,0
"2018-09-09 00:34:00",720587,0.016,72.06,16.89,85.1,0,0,0,0
"2018-09-09 00:35:00",720588,0,0,16.86,85.2,0,0,0,0
"2018-09-09 00:36:00",720589,0,0,16.82,85.1,0,0,0,0
"2018-09-09 00:37:00",720590,0.433,96.2,16.78,85.3,0,0,0,0
"2018-09-09 00:38:00",720591,0,0,16.73,85.3,0,0,0,0
"2018-09-09 00:39:00",720592,0,0,16.73,85.3,0,0,0,0
"2018-09-09 00:40:00",720593,0.297,85.1,16.7,85.5,0,0,0,0
"2018-09-09 00:41:00",720594,0.282,80,16.69,85.6,0,0,0,0
"2018-09-09 00:42:00",720595,0,0,16.68,85.4,0,0,0,0
"2018-09-09 00:43:00",720596,0,0,16.66,85.5,0,0,0,0
"2018-09-09 00:44:00",720597,0.127,114.8,16.66,85.7,0,0,0,0
"2018-09-09 00:45:00",720598,0.301,126.3,16.66,85.5,0,0,0,0
"2018-09-09 00:46:00",720599,0.174,62.36,16.63,85.4,0,0,0,0
"2018-09-09 00:47:00",720600,0.772,88,16.63,85.2,0,0,0,0
"2018-09-09 00:48:00",720601,0.423,70.49,16.65,84.9,0,0,0,0
"2018-09-09 00:49:00",720602,0.96,90.6,16.69,84.6,0,0,0,0
"2018-09-09 00:50:00",720603,0.652,106.2,16.73,84.2,0,0,0,0
"2018-09-09 00:51:00",720604,0.18,81.5,16.76,84,0,0,0,0
"2018-09-09 00:52:00",720605,1.462,73.25,16.77,84.1,0,0,0,0
"2018-09-09 00:53:00",720606,1.587,82.9,16.83,83.6,0,0,0,0
"2018-09-09 00:54:00",720607,0.994,105.1,16.9,83,0,0,0,0
"2018-09-09 00:55:00",720608,0.557,118.8,16.92,82.7,0,0,0,0
"2018-09-09 00:56:00",720609,0.801,82,16.93,82.4,0,0,0,0
"2018-09-09 00:57:00",720610,0.7,82,16.94,82.2,0,0,0,0
"2018-09-09 00:58:00",720611,1.687,63.58,16.96,81.9,0,0,0,0
"2018-09-09 00:59:00",720612,0.859,95.7,17,82.1,0,0,0,0
"2018-09-09 01:00:00",720613,0.766,106,17,82.1,0,0,0,0
"2018-09-09 01:01:00",720614,1.133,63.15,16.99,82.3,0,0,0,0
"2018-09-09 01:02:00",720615,1.225,71.88,16.99,82.6,0,0,0,0
"2018-09-09 01:03:00",720616,1.172,75.57,16.97,82.7,0,0,0,0
"2018-09-09 01:04:00",720617,1.19,84.9,16.97,82.6,0,0,0,0
"2018-09-09 01:05:00",720618,1.322,72.58,16.97,82.6,0,0,0,0
"2018-09-09 01:06:00",720619,0.772,71.46,16.96,82.5,0,0,0,0
"2018-09-09 01:07:00",720620,1.362,77.47,16.96,82.4,0,0,0,0
"2018-09-09 01:08:00",720621,1.115,77.64,16.97,82.5,0,0,0,0
"2018-09-09 01:09:00",720622,0.873,89,16.98,82.4,0,0,0,0
"2018-09-09 01:10:00",720623,0.628,83.8,16.96,82.3,0,0,0,0
"2018-09-09 01:11:00",720624,0.98,91.1,16.93,82.5,0,0,0,0
"2018-09-09 01:12:00",720625,0.453,84.8,16.92,82.4,0,0,0,0
"2018-09-09 01:13:00",720626,0.778,74.88,16.93,82.5,0,0,0,0
"2018-09-09 01:14:00",720627,0.063,94.4,16.87,82.6,0,0,0,0
"2018-09-09 01:15:00",720628,0.513,73.73,16.87,82.7,0,0,0,0
"2018-09-09 01:16:00",720629,1.247,82.2,16.85,82.7,0,0,0,0
"2018-09-09 01:17:00",720630,0.986,82.2,16.88,82.3,0,0,0,0
"2018-09-09 01:18:00",720631,0.626,80.5,16.91,82.3,0,0,0,0
"2018-09-09 01:19:00",720632,1.19,77.26,16.91,82.3,0,0,0,0
"2018-09-09 01:20:00",720633,1.35,88,16.93,82.3,0,0,0,0
"2018-09-09 01:21:00",720634,1.083,91.5,16.95,82.2,0,0,0,0
"2018-09-09 01:22:00",720635,1.218,82.8,16.96,82.3,0,0,0,0
"2018-09-09 01:23:00",720636,0.913,102.9,16.96,82.4,0,0,0,0
"2018-09-09 01:24:00",720637,0.528,93.2,16.94,82.5,0,0,0,0
"2018-09-09 01:25:00",720638,0.77,80.6,16.92,82.7,0,0,0,0
"2018-09-09 01:26:00",720639,0.934,76.67,16.89,82.7,0,0,0,0
"2018-09-09 01:27:00",720640,0.856,79.85,16.9,82.6,0,0,0,0
"2018-09-09 01:28:00",720641,1.312,80.5,16.89,82.6,0,0,0,0
"2018-09-09 01:29:00",720642,1.187,83.8,16.91,82.4,0,0,0,0
"2018-09-09 01:30:00",720643,1.512,81.5,16.94,81.9,0,0,0,0
"2018-09-09 01:31:00",720644,0.89,77.08,16.98,82,0,0,0,0
"2018-09-09 01:32:00",720645,0.872,95.5,16.99,82,0,0,0,0
"2018-09-09 01:33:00",720646,0.812,96,16.98,81.9,0,0,0,0
"2018-09-09 01:34:00",720647,0.345,79.11,16.94,82,0,0,0,0
"2018-09-09 01:35:00",720648,0.96,82.1,16.92,82.3,0,0,0,0
"2018-09-09 01:36:00",720649,0.999,81.6,16.92,82.3,0,0,0,0
"2018-09-09 01:37:00",720650,0.845,73.25,16.94,82.2,0,0,0,0
"2018-09-09 01:38:00",720651,1.287,74.76,16.95,82,0,0,0,0
"2018-09-09 01:39:00",720652,1.143,95.4,16.98,81.9,0,0,0,0
"2018-09-09 01:40:00",720653,0.644,95.9,16.99,81.8,0,0,0,0
"2018-09-09 01:41:00",720654,0.388,81.1,16.99,81.8,0,0,0,0
"2018-09-09 01:42:00",720655,1.159,79.49,16.98,82,0,0,0,0
"2018-09-09 01:43:00",720656,0.551,97.9,16.98,81.7,0,0,0,0
"2018-09-09 01:44:00",720657,0.142,87.8,16.98,81.6,0,0,0,0
"2018-09-09 01:45:00",720658,0.19,84.5,16.98,81.7,0,0,0,0
"2018-09-09 01:46:00",720659,0.048,68.38,16.98,81.6,0,0,0,0
"2018-09-09 01:47:00",720660,0.408,82.9,17,81.7,0,0,0,0
"2018-09-09 01:48:00",720661,0.5,79.73,17.01,81.6,0,0,0,0
"2018-09-09 01:49:00",720662,0.465,90.1,17.01,81.4,0,0,0,0
"2018-09-09 01:50:00",720663,0.142,106.2,17.02,81.3,0,0,0,0
"2018-09-09 01:51:00",720664,0.222,76.21,16.99,81.4,0,0,0,0
"2018-09-09 01:52:00",720665,0.638,91.7,16.98,81.4,0,0,0,0
"2018-09-09 01:53:00",720666,0.614,105.7,17,81.1,0,0,0,0
"2018-09-09 01:54:00",720667,0.313,117.4,17,81.1,0,0,0,0
"2018-09-09 01:55:00",720668,0.43,91.3,17.01,81.3,0,0,0,0
"2018-09-09 01:56:00",720669,0.799,96,16.98,81.2,0,0,0,0
"2018-09-09 01:57:00",720670,0.345,100.7,17.01,81,0,0,0,0
"2018-09-09 01:58:00",720671,0.405,99,17,81.3,0,0,0,0
"2018-09-09 01:59:00",720672,0.544,86.4,16.97,81.6,0,0,0,0
"2018-09-09 02:00:00",720673,0.679,96.5,16.94,81.7,0,0,0,0
"2018-09-09 02:01:00",720674,1.24,87.6,16.94,81.9,0,0,0,0
"2018-09-09 02:02:00",720675,0.68,96.4,16.93,82.1,0,0,0,0
"2018-09-09 02:03:00",720676,0.5,92.7,16.86,82.4,0,0,0,0
"2018-09-09 02:04:00",720677,0.729,81.7,16.82,82.8,0,0,0,0
"2018-09-09 02:05:00",720678,1.475,81.6,16.83,82.4,0,0,0,0
"2018-09-09 02:06:00",720679,0.654,93.1,16.91,81.8,0,0,0,0
"2018-09-09 02:07:00",720680,0.859,84.6,16.96,81.8,0,0,0,0
"2018-09-09 02:08:00",720681,1.875,79.72,17.01,81.2,0,0,0,0
"2018-09-09 02:09:00",720682,1.13,103.7,17.12,80.3,0,0,0,0
"2018-09-09 02:10:00",720683,1.134,104.7,17.23,79.87,0,0,0,0
"2018-09-09 02:11:00",720684,0.187,115.4,17.27,79.64,0,0,0,0
"2018-09-09 02:12:00",720685,0.613,105.7,17.29,79.42,0,0,0,0
"2018-09-09 02:13:00",720686,0.063,125.7,17.28,79.44,0,0,0,0
"2018-09-09 02:14:00",720687,0.111,80.7,17.3,79.44,0,0,0,0
"2018-09-09 02:15:00",720688,0.628,77.98,17.28,79.42,0,0,0,0
"2018-09-09 02:16:00",720689,1.127,88.7,17.3,79.33,0,0,0,0
"2018-09-09 02:17:00",720690,0.728,106.1,17.3,79.32,0,0,0,0
"2018-09-09 02:18:00",720691,0.693,114.8,17.31,79.32,0,0,0,0
"2018-09-09 02:19:00",720692,0.326,117.4,17.28,79.28,0,0,0,0
"2018-09-09 02:20:00",720693,0.405,106.2,17.27,79.28,0,0,0,0
"2018-09-09 02:21:00",720694,0.639,115.9,17.29,79.22,0,0,0,0
"2018-09-09 02:22:00",720695,1.048,115.1,17.32,79.17,0,0,0,0
"2018-09-09 02:23:00",720696,0.749,100.8,17.33,79.37,0,0,0,0
"2018-09-09 02:24:00",720697,0.297,98.1,17.34,79.37,0,0,0,0
"2018-09-09 02:25:00",720698,0.548,99.4,17.34,79.44,0,0,0,0
"2018-09-09 02:26:00",720699,0.453,90.6,17.33,79.81,0,0,0,0
"2018-09-09 02:27:00",720700,0.237,86.9,17.29,79.98,0,0,0,0
"2018-09-09 02:28:00",720701,0.532,99.3,17.27,80.1,0,0,0,0
"2018-09-09 02:29:00",720702,0.793,113.1,17.24,80.4,0,0,0,0
"2018-09-09 02:30:00",720703,0.458,108.4,17.21,80.4,0,0,0,0
"2018-09-09 02:31:00",720704,0.379,103.6,17.19,80.4,0,0,0,0
"2018-09-09 02:32:00",720705,0.774,103.1,17.16,80.7,0,0,0,0
"2018-09-09 02:33:00",720706,1.065,111.4,17.16,80.6,0,0,0,0
"2018-09-09 02:34:00",720707,0.971,113.2,17.17,80.3,0,0,0,0
"2018-09-09 02:35:00",720708,0.313,114.2,17.2,80.2,0,0,0,0
"2018-09-09 02:36:00",720709,0.834,104.2,17.21,80.5,0,0,0,0
"2018-09-09 02:37:00",720710,0.598,86.3,17.22,80.5,0,0,0,0
"2018-09-09 02:38:00",720711,0.453,101.2,17.19,80.5,0,0,0,0
"2018-09-09 02:39:00",720712,0.768,88.3,17.18,80.8,0,0,0,0
"2018-09-09 02:40:00",720713,1.512,77.43,17.16,80.9,0,0,0,0
"2018-09-09 02:41:00",720714,1.048,84.5,17.18,80.6,0,0,0,0
"2018-09-09 02:42:00",720715,1.159,77.4,17.2,80.7,0,0,0,0
"2018-09-09 02:43:00",720716,1.25,76.89,17.2,81,0,0,0,0
"2018-09-09 02:44:00",720717,1.537,73.04,17.21,80.6,0,0,0,0
"2018-09-09 02:45:00",720718,1.45,70.19,17.25,80.2,0,0,0,0
"2018-09-09 02:46:00",720719,1.512,78.36,17.29,80.3,0,0,0,0
"2018-09-09 02:47:00",720720,1.687,83.1,17.37,79.55,0,0,0,0
"2018-09-09 02:48:00",720721,1.825,83.7,17.47,78.95,0,0,0,0
"2018-09-09 02:49:00",720722,1.609,75.33,17.54,78.51,0,0,0,0
"2018-09-09 02:50:00",720723,1.264,90.4,17.58,78.47,0,0,0,0
"2018-09-09 02:51:00",720724,1.487,85.1,17.6,78.4,0,0,0,0
"2018-09-09 02:52:00",720725,1.421,79.73,17.65,78.32,0,0,0,0
"2018-09-09 02:53:00",720726,1.575,88.9,17.69,78.51,0,0,0,0
"2018-09-09 02:54:00",720727,1.6,77.65,17.7,78.07,0,0,0,0
"2018-09-09 02:55:00",720728,1.65,61.26,17.74,78.08,0,0,0,0
"2018-09-09 02:56:00",720729,1.75,73.67,17.75,78.42,0,0,0,0
"2018-09-09 02:57:00",720730,1.55,76.76,17.74,78.25,0,0,0,0
"2018-09-09 02:58:00",720731,1.725,85.1,17.71,78.46,0,0,0,0
"2018-09-09 02:59:00",720732,1.659,106.4,17.69,78.46,0,0,0,0
"2018-09-09 03:00:00",720733,1.228,107.7,17.66,78.42,0,0,0,0
"2018-09-09 03:01:00",720734,1.411,81.4,17.62,78.93,0,0,0,0
"2018-09-09 03:02:00",720735,1.762,74.27,17.6,78.73,0,0,0,0
"2018-09-09 03:03:00",720736,1.662,92,17.59,79,0,0,0,0
"2018-09-09 03:04:00",720737,1.202,108.6,17.61,78.96,0,0,0,0
"2018-09-09 03:05:00",720738,1.281,93.5,17.6,79.03,0,0,0,0
"2018-09-09 03:06:00",720739,0.642,90.9,17.59,79,0,0,0,0
"2018-09-09 03:07:00",720740,1.55,79.73,17.57,79.44,0,0,0,0
"2018-09-09 03:08:00",720741,1.315,99.2,17.56,79.33,0,0,0,0
"2018-09-09 03:09:00",720742,0.936,113.1,17.57,79.47,0,0,0,0
"2018-09-09 03:10:00",720743,0.357,88.7,17.58,79.74,0,0,0,0
"2018-09-09 03:11:00",720744,1.412,75.47,17.57,80.2,0,0,0,0
"2018-09-09 03:12:00",720745,1.272,79.4,17.58,80.1,0,0,0,0
"2018-09-09 03:13:00",720746,1.212,104.3,17.6,80.1,0,0,0,0
"2018-09-09 03:14:00",720747,0.733,117.4,17.59,80.2,0,0,0,0
"2018-09-09 03:15:00",720748,1.182,102.5,17.56,80.6,0,0,0,0
"2018-09-09 03:16:00",720749,1.107,114.8,17.55,80.8,0,0,0,0
"2018-09-09 03:17:00",720750,0.443,99,17.56,80.6,0,0,0,0
"2018-09-09 03:18:00",720751,0.44,87.3,17.54,80.6,0,0,0,0
"2018-09-09 03:19:00",720752,0.373,75.6,17.5,81,0,0,0,0
"2018-09-09 03:20:00",720753,1.064,66.77,17.48,81,0,0,0,0
"2018-09-09 03:21:00",720754,0.944,86.4,17.43,81.4,0,0,0,0
"2018-09-09 03:22:00",720755,0.516,108.7,17.38,81.6,0,0,0,0
"2018-09-09 03:23:00",720756,0.24,90.3,17.35,81.7,0,0,0,0
"2018-09-09 03:24:00",720757,1.14,70.28,17.32,82.3,0,0,0,0
"2018-09-09 03:25:00",720758,0.351,77.47,17.31,82,0,0,0,0
"2018-09-09 03:26:00",720759,1.061,73.14,17.37,81.8,0,0,0,0
"2018-09-09 03:27:00",720760,0.752,89,17.39,81.2,0,0,0,0
"2018-09-09 03:28:00",720761,0.905,87.7,17.4,80.9,0,0,0,0
"2018-09-09 03:29:00",720762,1.295,84.4,17.37,81.4,0,0,0,0
"2018-09-09 03:30:00",720763,0.234,116.1,17.33,81.4,0,0,0,0
"2018-09-09 03:31:00",720764,0.361,107.6,17.27,81.8,0,0,0,0
"2018-09-09 03:32:00",720765,0.616,97.8,17.21,82.3,0,0,0,0
"2018-09-09 03:33:00",720766,0.111,123.6,17.13,82.6,0,0,0,0
"2018-09-09 03:34:00",720767,0.929,105.1,17.1,83.1,0,0,0,0
"2018-09-09 03:35:00",720768,0.19,113.7,17.04,83.3,0,0,0,0
"2018-09-09 03:36:00",720769,0.677,92.7,16.98,83.8,0,0,0,0
"2018-09-09 03:37:00",720770,0.768,86.2,16.96,84,0,0,0,0
"2018-09-09 03:38:00",720771,0.481,111.8,16.93,84.2,0,0,0,0
"2018-09-09 03:39:00",720772,0.821,82.3,16.92,84.5,0,0,0,0
"2018-09-09 03:40:00",720773,0.673,107.8,16.87,84.6,0,0,0,0
"2018-09-09 03:41:00",720774,0.844,110.9,16.82,84.9,0,0,0,0
"2018-09-09 03:42:00",720775,0.421,95,16.77,85.1,0,0,0,0
"2018-09-09 03:43:00",720776,1.55,72.64,16.74,85.7,0,0,0,0
"2018-09-09 03:44:00",720777,1.377,79.16,16.76,85.8,0,0,0,0
"2018-09-09 03:45:00",720778,0.917,91.4,16.74,86.1,0,0,0,0
"2018-09-09 03:46:00",720779,0.642,92.1,16.74,86.1,0,0,0,0
"2018-09-09 03:47:00",720780,1.324,78.6,16.73,86.2,0,0,0,0
"2018-09-09 03:48:00",720781,1.35,70.44,16.74,86.3,0,0,0,0
"2018-09-09 03:49:00",720782,1.465,82.5,16.75,86.2,0,0,0,0
"2018-09-09 03:50:00",720783,0.291,89,16.75,86,0,0,0,0
"2018-09-09 03:51:00",720784,1.222,77.58,16.77,86.3,0,0,0,0
"2018-09-09 03:52:00",720785,0.922,87.7,16.78,86.3,0,0,0,0
"2018-09-09 03:53:00",720786,1.014,86.4,16.82,86,0,0,0,0
"2018-09-09 03:54:00",720787,1.199,78.9,16.83,85.9,0,0,0,0
"2018-09-09 03:55:00",720788,1.375,82.2,16.85,85.6,0,0,0,0
"2018-09-09 03:56:00",720789,0.576,79.99,16.87,85.3,0,0,0,0
"2018-09-09 03:57:00",720790,0.922,87.4,16.86,85.3,0,0,0,0
"2018-09-09 03:58:00",720791,0.81,102.7,16.82,85.4,0,0,0,0
"2018-09-09 03:59:00",720792,0.538,83.2,16.77,85.6,0,0,0,0
"2018-09-09 04:00:00",720793,0.478,71.75,16.73,85.8,0,0,0,0
"2018-09-09 04:01:00",720794,0.714,83.9,16.7,86,0,0,0,0
"2018-09-09 04:02:00",720795,0.497,96.5,16.68,86,0,0,0,0
"2018-09-09 04:03:00",720796,0.705,72.17,16.64,86,0,0,0,0
"2018-09-09 04:04:00",720797,1.111,67.14,16.61,86.3,0,0,0,0
"2018-09-09 04:05:00",720798,0.857,75.16,16.58,86.3,0,0,0,0
"2018-09-09 04:06:00",720799,1.008,78.69,16.55,86.6,0,0,0,0
"2018-09-09 04:07:00",720800,1.475,77.33,16.53,87.1,0,0,0,0
"2018-09-09 04:08:00",720801,1.059,91.6,16.53,87.2,0,0,0,0
"2018-09-09 04:09:00",720802,0.345,73.59,16.56,87,0,0,0,0
"2018-09-09 04:10:00",720803,1.118,86.6,16.56,87,0,0,0,0
"2018-09-09 04:11:00",720804,0.945,79.31,16.55,87,0,0,0,0
"2018-09-09 04:12:00",720805,0.936,79.51,16.53,87.3,0,0,0,0
"2018-09-09 04:13:00",720806,0.43,72.95,16.53,87.2,0,0,0,0
"2018-09-09 04:14:00",720807,0.218,84.4,16.51,87.2,0,0,0,0
"2018-09-09 04:15:00",720808,0.677,87.8,16.49,87.2,0,0,0,0
"2018-09-09 04:16:00",720809,0.19,100.7,16.5,87.2,0,0,0,0
"2018-09-09 04:17:00",720810,1.164,84.2,16.48,87.5,0,0,0,0
"2018-09-09 04:18:00",720811,0.608,97.3,16.47,87.5,0,0,0,0
"2018-09-09 04:19:00",720812,0.079,66.36,16.47,87.5,0,0,0,0
"2018-09-09 04:20:00",720813,0.48,103.2,16.48,87.7,0,0,0,0
"2018-09-09 04:21:00",720814,0.636,94.1,16.45,87.6,0,0,0,0
"2018-09-09 04:22:00",720815,0.919,106.5,16.44,87.8,0,0,0,0
"2018-09-09 04:23:00",720816,0.626,94,16.44,88,0,0,0,0
"2018-09-09 04:24:00",720817,0.579,107.6,16.41,87.9,0,0,0,0
"2018-09-09 04:25:00",720818,0.965,112.9,16.38,88.1,0,0,0,0
"2018-09-09 04:26:00",720819,0.714,107.7,16.37,88.2,0,0,0,0
"2018-09-09 04:27:00",720820,0.253,112.5,16.42,88.3,0,0,0,0
"2018-09-09 04:28:00",720821,0.19,102.2,16.43,88.2,0,0,0,0
"2018-09-09 04:29:00",720822,0.911,81.8,16.44,88.5,0,0,0,0
"2018-09-09 04:30:00",720823,0.702,101.5,16.45,88.5,0,0,0,0
"2018-09-09 04:31:00",720824,0.668,95.9,16.46,88.6,0,0,0,0
"2018-09-09 04:32:00",720825,0.377,101.8,16.45,88.6,0,0,0,0
"2018-09-09 04:33:00",720826,0.206,76.08,16.44,88.7,0,0,0,0
"2018-09-09 04:34:00",720827,0.743,69.58,16.45,88.8,0,0,0,0
"2018-09-09 04:35:00",720828,0.095,79.33,16.46,88.9,0,0,0,0
"2018-09-09 04:36:00",720829,0.095,87.9,16.48,88.7,0,0,0,0
"2018-09-09 04:37:00",720830,0.297,77.62,16.49,88.8,0,0,0,0
"2018-09-09 04:38:00",720831,0.515,78.34,16.48,88.7,0,0,0,0
"2018-09-09 04:39:00",720832,0.908,77.83,16.51,88.6,0,0,0,0
"2018-09-09 04:40:00",720833,0.351,95.1,16.52,88.1,0,0,0,0
"2018-09-09 04:41:00",720834,0.19,94.7,16.51,87.8,0,0,0,0
"2018-09-09 04:42:00",720835,0,0,16.47,87.6,0,0,0,0
"2018-09-09 04:43:00",720836,0,0,16.42,87.6,0,0,0,0
"2018-09-09 04:44:00",720837,0.174,54.71,16.36,87.7,0,0,0,0
"2018-09-09 04:45:00",720838,0.421,74.07,16.32,87.8,0,0,0,0
"2018-09-09 04:46:00",720839,0,0,16.3,87.8,0,0,0,0
"2018-09-09 04:47:00",720840,0,0,16.26,87.7,0,0,0,0
"2018-09-09 04:48:00",720841,0,0,16.22,87.9,0,0,0,0
"2018-09-09 04:49:00",720842,0.206,56.18,16.21,88.1,0,0,0,0
"2018-09-09 04:50:00",720843,0,0,16.19,88.1,0,0,0,0
"2018-09-09 04:51:00",720844,0.174,68.89,16.18,88.3,0,0,0,0
"2018-09-09 04:52:00",720845,0.127,57.3,16.17,88.5,0,0,0,0
"2018-09-09 04:53:00",720846,0.804,57.36,16.18,88.6,0,0,0,0
"2018-09-09 04:54:00",720847,0.725,59.7,16.21,88.5,0,0,0,0
"2018-09-09 04:55:00",720848,1.072,66.07,16.21,88.5,0,0,0,0
"2018-09-09 04:56:00",720849,1.063,65,16.21,88.3,0,0,0,0
"2018-09-09 04:57:00",720850,0.782,60.2,16.21,88.3,0,0,0,0
"2018-09-09 04:58:00",720851,0.301,55.79,16.17,88.3,0,0,0,0
"2018-09-09 04:59:00",720852,0,0,16.15,88.4,0,0,0,0
"2018-09-09 05:00:00",720853,0,0,16.14,88.5,0,0,0,0
"2018-09-09 05:01:00",720854,0.048,102.5,16.13,88.4,0,0,0,0
"2018-09-09 05:02:00",720855,0.079,101.4,16.14,88.3,0,0,0,0
"2018-09-09 05:03:00",720856,0,0,16.12,88.3,0,0,0,0
"2018-09-09 05:04:00",720857,0,0,16.09,88.4,0,0,0,0
"2018-09-09 05:05:00",720858,0.285,126.2,16.06,88.7,0,0,0,0
"2018-09-09 05:06:00",720859,0.785,109,16.04,88.7,0,0,0,0
"2018-09-09 05:07:00",720860,0.269,93.8,16.03,88.7,0,0,0,0
"2018-09-09 05:08:00",720861,0.142,39.44,16,88.8,0,0,0,0
"2018-09-09 05:09:00",720862,0.158,43.71,15.94,89,0,0,0,0
"2018-09-09 05:10:00",720863,0.032,80.6,15.93,89,0,0,0,0
"2018-09-09 05:11:00",720864,0.317,118.1,15.92,89.1,0,0,0,0
"2018-09-09 05:12:00",720865,0,0,15.92,89.3,0,0,0,0
"2018-09-09 05:13:00",720866,0,0,15.9,89.3,0,0,0,0
"2018-09-09 05:14:00",720867,0,0,15.88,89.3,0,0,0,0
"2018-09-09 05:15:00",720868,0,0,15.84,89.4,0,0,0,0
"2018-09-09 05:16:00",720869,0,0,15.84,89.6,0,0,0,0
"2018-09-09 05:17:00",720870,0,0,15.86,90,0,0,0,0
"2018-09-09 05:18:00",720871,0,0,15.87,89.9,0,0,0,0
"2018-09-09 05:19:00",720872,0,0,15.88,90.1,0,0,0,0
"2018-09-09 05:20:00",720873,0,0,15.88,90.2,0,0,0,0
"2018-09-09 05:21:00",720874,0,0,15.86,90.2,0,0,0,0
"2018-09-09 05:22:00",720875,0,0,15.86,90.3,0,0,0,0
"2018-09-09 05:23:00",720876,0,0,15.85,90.2,0,0,0,0
"2018-09-09 05:24:00",720877,0,0,15.79,90.1,0,0,0,0
"2018-09-09 05:25:00",720878,0,0,15.74,90.3,0,0,0,0
"2018-09-09 05:26:00",720879,0,0,15.71,90.5,0,0,0,0
"2018-09-09 05:27:00",720880,0,0,15.69,90.5,0,0,0,0
"2018-09-09 05:28:00",720881,0.016,97.7,15.66,90.5,0,0,0,0
"2018-09-09 05:29:00",720882,0.459,107.4,15.63,90.4,0,0,0,0
"2018-09-09 05:30:00",720883,0.728,107.3,15.57,90.6,0,0,0,0
"2018-09-09 05:31:00",720884,0.396,116.1,15.51,90.9,0,0,0,0
"2018-09-09 05:32:00",720885,0,0,15.47,91.1,0,0,0,0
"2018-09-09 05:33:00",720886,0,0,15.48,91.2,0,0,0,0
"2018-09-09 05:34:00",720887,0,0,15.45,91.3,0,0,0,0
"2018-09-09 05:35:00",720888,0.142,98.3,15.43,91.6,0,0,0,0
"2018-09-09 05:36:00",720889,0.158,101.5,15.41,91.6,0,0,0,0
"2018-09-09 05:37:00",720890,0.111,108.6,15.38,91.6,0,0,0,0
"2018-09-09 05:38:00",720891,0.823,109.9,15.37,91.7,0,0,0,0
"2018-09-09 05:39:00",720892,0.649,111.3,15.35,91.9,0,0,0,0
"2018-09-09 05:40:00",720893,0.76,114.5,15.35,92.2,0,0,0,0
"2018-09-09 05:41:00",720894,0.523,118.8,15.32,92.3,0,0,0,0
"2018-09-09 05:42:00",720895,0.855,109.7,15.32,92.4,0,0,0,0
"2018-09-09 05:43:00",720896,0.902,102.7,15.33,92.3,0,0,0,0
"2018-09-09 05:44:00",720897,0.785,92.8,15.31,92.4,0,0,0,0
"2018-09-09 05:45:00",720898,0.237,99.9,15.3,92.5,0,0,0,0
"2018-09-09 05:46:00",720899,0.032,115.5,15.27,92.5,0,0,0,0
"2018-09-09 05:47:00",720900,0,0,15.22,92.3,0,0,0,0
"2018-09-09 05:48:00",720901,0,0,15.16,92.5,0,0,0,0
"2018-09-09 05:49:00",720902,0,0,15.12,92.4,0,0,0,0
"2018-09-09 05:50:00",720903,0,0,15.11,92.6,0,0,0,0
"2018-09-09 05:51:00",720904,0.424,70.39,15.06,92.7,0,0,0,0
"2018-09-09 05:52:00",720905,0.948,78.39,15.05,92.9,0,0,0,0
"2018-09-09 05:53:00",720906,0.016,86.2,15.06,93.2,0,0,0,0
"2018-09-09 05:54:00",720907,0.408,122,15.06,93.1,0,0,0,0
"2018-09-09 05:55:00",720908,0.519,116.8,15.06,93.3,0,0,0,0
"2018-09-09 05:56:00",720909,0.525,67.33,15.08,93.4,0,0,0,0
"2018-09-09 05:57:00",720910,0.973,48.59,15.1,93.3,0,0,0,0
"2018-09-09 05:58:00",720911,1.325,77.98,15.11,93.4,0,0,0,0
"2018-09-09 05:59:00",720912,0.234,100.7,15.12,93.4,0,0,0,0
"2018-09-09 06:00:00",720913,0.711,72.27,15.12,93.5,0,0,0,0
"2018-09-09 06:01:00",720914,1.172,68.31,15.15,93.8,0,0,0,0
"2018-09-09 06:02:00",720915,0.427,80,15.22,93.7,0,0,0,0
"2018-09-09 06:03:00",720916,0.967,84.9,15.28,93.7,0,0,0,0
"2018-09-09 06:04:00",720917,1.362,82.5,15.31,93.5,0,0,0,0
"2018-09-09 06:05:00",720918,1.024,77.95,15.32,93.3,0,0,0,0
"2018-09-09 06:06:00",720919,0.488,80.9,15.32,93.1,0,0,0,0
"2018-09-09 06:07:00",720920,0.218,76.11,15.32,93.2,0,0,0,0
"2018-09-09 06:08:00",720921,0.016,69.22,15.33,92.9,0,0.26,0.338,0
"2018-09-09 06:09:00",720922,0,0,15.33,92.9,0,1.198,1.477,0
"2018-09-09 06:10:00",720923,0,0,15.33,92.9,0,1.318,1.583,0
"2018-09-09 06:11:00",720924,0.354,80.5,15.34,92.9,0,1.598,1.931,0
"2018-09-09 06:12:00",720925,0.142,73.08,15.32,92.7,0,2.064,2.3,0
"2018-09-09 06:13:00",720926,0,0,15.3,92.7,0,2.457,2.78,0
"2018-09-09 06:14:00",720927,0.338,62.06,15.28,92.8,0,3.096,3.324,0
"2018-09-09 06:15:00",720928,0.095,42.74,15.27,92.7,0,3.895,4.026,0
"2018-09-09 06:16:00",720929,0,0,15.28,92.8,0,4.554,4.516,0
"2018-09-09 06:17:00",720930,0.032,76.19,15.26,92.7,0,5.373,5.334,0
"2018-09-09 06:18:00",720931,0.032,86.6,15.26,92.8,0,6.152,6.526,0
"2018-09-09 06:19:00",720932,0,0,15.24,92.8,0,7.51,7.972,0
"2018-09-09 06:20:00",720933,0.493,63.51,15.22,92.8,0,9.21,9.76,0
"2018-09-09 06:21:00",720934,1.293,82,15.23,92.9,0,10.94,11.65,0
"2018-09-09 06:22:00",720935,0.772,99.9,15.26,92.9,0,12.54,13.31,0
"2018-09-09 06:23:00",720936,0.253,130.5,15.27,92.9,0,13.93,14.9,0
"2018-09-09 06:24:00",720937,0.167,123.3,15.28,92.7,0,15.31,16.37,0
"2018-09-09 06:25:00",720938,0.237,107.5,15.28,92.8,0,16.7,17.77,0
"2018-09-09 06:26:00",720939,0.142,68.24,15.27,92.6,0,18.08,19.18,0
"2018-09-09 06:27:00",720940,1.196,78.12,15.27,92.9,0,19.6,20.72,0
"2018-09-09 06:28:00",720941,1.165,84,15.31,92.9,0,21.18,22.29,0
"2018-09-09 06:29:00",720942,0.943,84,15.35,92.7,0,22.82,23.82,0
"2018-09-09 06:30:00",720943,1.525,80,15.37,92.6,0,24.7,25.53,0
"2018-09-09 06:31:00",720944,1.318,79.36,15.37,92.4,0,26.56,27.46,0
"2018-09-09 06:32:00",720945,1.23,84.1,15.38,92.2,0,28.54,29.59,0
"2018-09-09 06:33:00",720946,0.424,118.5,15.38,92.3,0,30.56,31.7,0
"2018-09-09 06:34:00",720947,0.534,73.49,15.39,92.3,0,32.62,33.86,0
"2018-09-09 06:35:00",720948,0.111,93.5,15.44,92.3,0,34.69,35.98,0
"2018-09-09 06:36:00",720949,0.079,83.2,15.52,92.3,0,36.87,38.2,0
"2018-09-09 06:37:00",720950,0.613,105.2,15.56,92.2,0,38.97,40.42,0
"2018-09-09 06:38:00",720951,0.111,57.14,15.58,92,0,41.11,42.58,0
"2018-09-09 06:39:00",720952,1.337,74.22,15.6,91.8,0,43.57,44.92,0
"2018-09-09 06:40:00",720953,0.262,76.9,15.62,91.7,0,45.95,47.12,0
"2018-09-09 06:41:00",720954,0.398,104.6,15.65,91.7,0,48.01,48.98,0
"2018-09-09 06:42:00",720955,0.243,98.4,15.68,91.5,0,50.09,51.07,0
"2018-09-09 06:43:00",720956,1.192,80.7,15.73,91.2,0,52.16,53.05,0
"2018-09-09 06:44:00",720957,1.392,91.2,15.76,91,0,54.61,55.4,0
"2018-09-09 06:45:00",720958,0.828,70.68,15.79,90.9,0,56.94,57.59,0
"2018-09-09 06:46:00",720959,1.331,87.4,15.81,90.8,0,59.24,59.74,0
"2018-09-09 06:47:00",720960,1.08,89.6,15.83,90.6,0,61.68,61.96,0
"2018-09-09 06:48:00",720961,1.6,78.91,15.85,90.6,0,64.24,64.07,0
"2018-09-09 06:49:00",720962,1.302,89.5,15.87,90.5,0,66.75,66.07,0
"2018-09-09 06:50:00",720963,1.425,83.9,15.9,90.2,0,69.39,67.94,0
"2018-09-09 06:51:00",720964,0.978,80,15.93,90.3,0,71.9,69.72,0
"2018-09-09 06:52:00",720965,1.912,80.8,15.97,90.1,0,74.36,71.23,0
"2018-09-09 06:53:00",720966,1.787,78,16.04,90.1,0,77.02,72.75,0
"2018-09-09 06:54:00",720967,1.65,87.4,16.09,89.7,0,79.86,74.36,0
"2018-09-09 06:55:00",720968,1.762,78.27,16.15,89.5,0,82.7,75.87,0
"2018-09-09 06:56:00",720969,1.687,85.8,16.18,89.2,0,85.8,77.59,0
"2018-09-09 06:57:00",720970,2.137,84.7,16.24,88.7,0,89.4,79.85,0
"2018-09-09 06:58:00",720971,1.825,89.3,16.31,88.6,0,92.8,82,0
"2018-09-09 06:59:00",720972,0.944,88.2,16.4,88.5,0,96.1,84.5,0
"2018-09-09 07:00:00",720973,1.5,92.7,16.48,88.2,0,99.6,87.2,0
"2018-09-09 07:01:00",720974,1.575,79.02,16.59,87.8,0,103.4,90.5,0
"2018-09-09 07:02:00",720975,1.987,83,16.67,87.2,0,106.5,93.8,0
"2018-09-09 07:03:00",720976,1.411,78.96,16.79,86.7,0,109.6,97.9,0
"2018-09-09 07:04:00",720977,1.552,86.3,16.89,86,0,113.2,103.5,0
"2018-09-09 07:05:00",720978,1.228,86.6,16.94,85.8,0,116,109,0
"2018-09-09 07:06:00",720979,0.654,79.39,17,85.8,0,119.1,114.9,0
"2018-09-09 07:07:00",720980,1.659,84.7,17.09,85.3,0,121.6,120.7,0
"2018-09-09 07:08:00",720981,1.6,74.57,17.14,85.3,0,124.9,127.2,0
"2018-09-09 07:09:00",720982,1.55,76.4,17.21,85,0,128.8,134,0
"2018-09-09 07:10:00",720983,1.387,75.57,17.27,84.2,0,132.3,140.7,0
"2018-09-09 07:11:00",720984,1.196,83.9,17.37,83.7,0,135.4,147.3,0
"2018-09-09 07:12:00",720985,1.102,74.76,17.5,82.9,0,138.7,154.3,0
"2018-09-09 07:13:00",720986,1.238,86.4,17.62,82.5,0,141.8,160.6,0
"2018-09-09 07:14:00",720987,1.522,80.9,17.73,81.7,0,145.1,166.6,0
"2018-09-09 07:15:00",720988,1.534,85.2,17.78,81.4,0,148.2,171.4,0
"2018-09-09 07:16:00",720989,1.11,100.7,17.85,81.1,0,151.2,176,0
"2018-09-09 07:17:00",720990,0.863,79.24,17.97,80.9,0,154.3,180.6,0
"2018-09-09 07:18:00",720991,1.086,86.2,18.07,80.3,0,157.7,185.7,0
"2018-09-09 07:19:00",720992,0.493,102.5,18.14,80.9,0,160.3,189.6,0
"2018-09-09 07:20:00",720993,1.274,88,18.27,79.29,0,163.8,193.9,0
"2018-09-09 07:21:00",720994,1.333,91.6,18.36,78.68,0,167,197.3,0
"2018-09-09 07:22:00",720995,0.825,84,18.45,78.67,0,170.6,200.4,0
"2018-09-09 07:23:00",720996,1.038,88.3,18.58,77.57,0,174.5,203.1,0
"2018-09-09 07:24:00",720997,1.114,86.3,18.67,76.67,0,177.6,203.9,0
"2018-09-09 07:25:00",720998,0.944,91.8,18.81,75.99,0,181,203.8,0
"2018-09-09 07:26:00",720999,0.644,76.22,18.91,75.72,0,183.9,202.5,0
"2018-09-09 07:27:00",721000,0.894,75.16,19,75.72,0,187.1,201.1,0
"2018-09-09 07:28:00",721001,0.553,79.71,19.05,75.3,0,190.7,200,0
"2018-09-09 07:29:00",721002,1.362,79.95,19.09,75.45,0,193.8,198.7,0
"2018-09-09 07:30:00",721003,1.124,77.83,19.09,75.82,0,197.4,198.1,0
"2018-09-09 07:31:00",721004,1.056,92,19.09,75.95,0,200.6,198.1,0
"2018-09-09 07:32:00",721005,0.878,82.8,19.09,76.06,0,204.2,199.2,0
"2018-09-09 07:33:00",721006,0.819,61.87,19.1,75.84,0,207.1,201,0
"2018-09-09 07:34:00",721007,1.068,75.73,19.15,75.77,0,210.2,203.3,0
"2018-09-09 07:35:00",721008,0.474,101.6,19.22,75.19,0,213.9,206.8,0
"2018-09-09 07:36:00",721009,0.654,100.8,19.32,75.09,0,217.9,210.9,0
"2018-09-09 07:37:00",721010,1.013,90.4,19.42,74.43,0,222,215.5,0
"2018-09-09 07:38:00",721011,1.487,82.5,19.46,73.75,0,225.2,219.6,0
"2018-09-09 07:39:00",721012,1.057,82.8,19.46,74.36,0,228.4,224,0
"2018-09-09 07:40:00",721013,1.206,88.4,19.46,74.32,0,232,228.8,0
"2018-09-09 07:41:00",721014,1.387,84.4,19.46,73.88,0,235.7,233.9,0
"2018-09-09 07:42:00",721015,1.163,82.5,19.5,73.54,0,239.1,238.4,0
"2018-09-09 07:43:00",721016,0.743,85,19.57,73.04,0,242.7,242.8,0
"2018-09-09 07:44:00",721017,1.118,93.2,19.7,72.77,0,246.4,246.8,0
"2018-09-09 07:45:00",721018,0.063,124,19.82,73.41,0,249.6,250,0
"2018-09-09 07:46:00",721019,0.323,94.1,20,72.66,0,252.1,252.5,0
"2018-09-09 07:47:00",721020,1.425,80.1,20.15,70.67,0,255.4,255.9,0
"2018-09-09 07:48:00",721021,1.162,75.34,20.16,71.7,0,259.2,259.8,0
"2018-09-09 07:49:00",721022,0.449,92.1,20.15,71.19,0,262.8,263.3,0
"2018-09-09 07:50:00",721023,1.051,83.6,20.18,70.31,0,266,266.5,0
"2018-09-09 07:51:00",721024,1.5,87.5,20.19,69.94,0,269.4,270,0
"2018-09-09 07:52:00",721025,1.447,91,20.14,71.9,0,272.9,273.7,0
"2018-09-09 07:53:00",721026,0.934,75.77,20.07,72.06,0,277.4,278.1,0
"2018-09-09 07:54:00",721027,1.387,82,20.09,71.69,0,280.4,280.8,0
"2018-09-09 07:55:00",721028,2.05,72.23,20.11,71.15,0,282.9,283.6,0
"2018-09-09 07:56:00",721029,1.412,86.9,20.01,72.57,0,285.9,286.6,0
"2018-09-09 07:57:00",721030,1.562,86.1,19.99,72.43,0,289.3,290.1,0
"2018-09-09 07:58:00",721031,1.275,90.1,19.96,71.62,0,293,293.9,0
"2018-09-09 07:59:00",721032,0.989,81.6,19.98,72.05,0,296.5,297.3,0
"2018-09-09 08:00:00",721033,0.711,61.49,20.05,71.84,0,299.9,300.8,0
"2018-09-09 08:01:00",721034,1.206,79.21,20.15,71.17,0,303.8,304.8,0
"2018-09-09 08:02:00",721035,1.002,85.9,20.18,71.67,0,308.2,309.4,0
"2018-09-09 08:03:00",721036,0.882,65.58,20.22,70.95,0,311.8,312.9,0
"2018-09-09 08:04:00",721037,1.55,80.3,20.28,70.88,0,316,317.4,0
"2018-09-09 08:05:00",721038,0.8,72.18,20.29,71.55,0,319.9,321.2,0
"2018-09-09 08:06:00",721039,1.163,52.96,20.38,69.98,0,323.7,325,0
"2018-09-09 08:07:00",721040,1.186,78.65,20.46,70.66,0,327.1,328.6,0
"2018-09-09 08:08:00",721041,0.079,101.1,20.48,70.56,0,331.5,333,0
"2018-09-09 08:09:00",721042,1.39,74.21,20.54,69.34,0,335.3,336.9,0
"2018-09-09 08:10:00",721043,0.789,72,20.55,69.85,0,338.9,340.5,0
"2018-09-09 08:11:00",721044,1.028,54.67,20.57,69.34,0,342.5,344,0
"2018-09-09 08:12:00",721045,1.75,58.25,20.58,68.53,0,346,347.8,0
"2018-09-09 08:13:00",721046,1.218,66.97,20.57,69.12,0,350,351.7,0
"2018-09-09 08:14:00",721047,1.775,64.94,20.54,68.34,0,352.8,354.6,0
"2018-09-09 08:15:00",721048,2.287,68.39,20.56,68.69,0,355.3,357.3,0
"2018-09-09 08:16:00",721049,2.325,63.98,20.46,69,0,359.4,361.3,0
"2018-09-09 08:17:00",721050,1.762,73.74,20.35,69.06,0,362.6,364.4,0
"2018-09-09 08:18:00",721051,1.664,92.8,20.34,69.27,0,365.5,367.3,0
"2018-09-09 08:19:00",721052,0.798,92.6,20.38,68.98,0,369.1,370.7,0
"2018-09-09 08:20:00",721053,1.392,73.63,20.52,68.23,0,373.8,375.4,0
"2018-09-09 08:21:00",721054,2,76.49,20.62,67.68,0,377.9,379.8,0
"2018-09-09 08:22:00",721055,1.987,84.3,20.61,68.06,0,382.2,384.2,0
"2018-09-09 08:23:00",721056,2.072,88,20.59,68.32,0,385.8,387.8,0
"2018-09-09 08:24:00",721057,2.075,86.7,20.57,68.55,0,390.2,392.1,0
"2018-09-09 08:25:00",721058,1.875,82.5,20.53,69.26,0,393.9,395.8,0
"2018-09-09 08:26:00",721059,2.2,78.41,20.53,69.46,0,397.5,399.3,0
"2018-09-09 08:27:00",721060,2.262,85.9,20.52,68.75,0,400.3,402.3,0
"2018-09-09 08:28:00",721061,1.787,93.2,20.49,69.46,0,404.3,406.2,0
"2018-09-09 08:29:00",721062,1.302,72.44,20.5,69.66,0,408.3,409.9,0
"2018-09-09 08:30:00",721063,0.894,92.2,20.61,68.6,0,411.6,413,0
"2018-09-09 08:31:00",721064,1.163,98.5,20.75,68.48,0,415.8,417.3,0
"2018-09-09 08:32:00",721065,0.959,76.26,20.88,67.63,0,419.8,421.4,0
"2018-09-09 08:33:00",721066,1.327,92.9,20.98,67.77,0,423.4,425.1,0
"2018-09-09 08:34:00",721067,0.913,99.4,21.01,66.42,0,427.1,428.6,0
"2018-09-09 08:35:00",721068,1.028,100.6,21.08,65.71,0,430.6,432.2,0
"2018-09-09 08:36:00",721069,1.446,101.7,21.14,66.65,0,433.5,435.2,0
"2018-09-09 08:37:00",721070,0.622,74.85,21.17,66.01,0,436.7,438.1,0
"2018-09-09 08:38:00",721071,0.881,102.7,21.3,65.81,0,440.3,441.7,0
"2018-09-09 08:39:00",721072,0.808,58.22,21.41,65.57,0,443.9,445.2,0
"2018-09-09 08:40:00",721073,0.705,73.9,21.53,65.5,0,447,448.4,0
"2018-09-09 08:41:00",721074,1.016,65.28,21.61,64.93,0,451.3,452.6,0
"2018-09-09 08:42:00",721075,1.062,101,21.68,65.06,0,455.4,456.9,0
"2018-09-09 08:43:00",721076,1.083,90.2,21.68,64.59,0,458.7,460.2,0
"2018-09-09 08:44:00",721077,1.5,87.6,21.66,65.33,0,461.6,463.2,0
"2018-09-09 08:45:00",721078,1.277,82.2,21.58,66.58,0,464.8,466.3,0
"2018-09-09 08:46:00",721079,0.959,101.9,21.56,65.54,0,469.5,470.9,0
"2018-09-09 08:47:00",721080,0.878,105.5,21.58,66.01,0,473,474.1,0
"2018-09-09 08:48:00",721081,0.588,87.3,21.63,65.53,0,475.9,476.9,0
"2018-09-09 08:49:00",721082,0.694,52.76,21.78,64.74,0,479.2,480,0
"2018-09-09 08:50:00",721083,0.563,44.43,21.9,63.96,0,483,484.1,0
"2018-09-09 08:51:00",721084,0.884,84.5,21.95,63.66,0,486.4,487.6,0
"2018-09-09 08:52:00",721085,1.459,77.05,21.98,63.76,0,489.5,490.7,0
"2018-09-09 08:53:00",721086,1.106,75.22,21.92,64.95,0,492.1,493.5,0
"2018-09-09 08:54:00",721087,1.402,61.25,21.8,65.15,0,495.9,497.4,0
"2018-09-09 08:55:00",721088,0.38,111.1,21.72,65.18,0,499.2,500.5,0
"2018-09-09 08:56:00",721089,0.898,56.26,21.86,64.34,0,503.1,504.1,0
"2018-09-09 08:57:00",721090,1.987,61.07,21.92,65.12,0,506.5,508,0
"2018-09-09 08:58:00",721091,1.475,53.54,21.77,66.13,0,510,511.4,0
"2018-09-09 08:59:00",721092,1.559,51.47,21.68,66.45,0,512.9,514.2,0
"2018-09-09 09:00:00",721093,1.312,86.2,21.68,65.74,0,516.9,518,0
"2018-09-09 09:01:00",721094,1.317,86.1,21.72,64.86,0,519.9,521.2,0
"2018-09-09 09:02:00",721095,1.262,101.6,21.79,64.93,0,522.6,523.7,0
"2018-09-09 09:03:00",721096,0.848,133.3,21.8,65.16,0,525.3,526.4,0
"2018-09-09 09:04:00",721097,0.923,110.7,21.87,65.16,0,528.5,529.4,0
"2018-09-09 09:05:00",721098,0.754,97.9,21.95,65.63,0,532,532.9,0
"2018-09-09 09:06:00",721099,0.956,115.7,22.09,64.15,0,535,535.8,0
"2018-09-09 09:07:00",721100,1.308,97.1,22.23,64.69,0,537.8,538.5,0
"2018-09-09 09:08:00",721101,1.675,94.3,22.25,65.09,0,543.8,545,0
"2018-09-09 09:09:00",721102,1.182,116,22.23,64.92,0,547.4,548.3,0
"2018-09-09 09:10:00",721103,1.418,126.8,22.24,64.38,0,550.5,551.4,0
"2018-09-09 09:11:00",721104,0.963,142.9,22.28,64.32,0,553.4,554.3,0
"2018-09-09 09:12:00",721105,1.305,155.6,22.34,64.75,0,555.6,556.5,0
"2018-09-09 09:13:00",721106,1.172,87.9,22.37,63.77,0,559.9,561,0
"2018-09-09 09:14:00",721107,1.687,77.81,22.38,64.08,0,562,563.3,0
"2018-09-09 09:15:00",721108,1.35,80.9,22.24,65.01,0,565.4,566.9,0
"2018-09-09 09:16:00",721109,0.222,95.9,22.17,65.4,0,569.4,570.6,0
"2018-09-09 09:17:00",721110,0.918,130.1,22.26,64.21,0,571,572,0
"2018-09-09 09:18:00",721111,1.5,104.4,22.39,63.17,0,573.4,574.7,0
"2018-09-09 09:19:00",721112,1.675,76.97,22.43,64.86,0,576.1,577.8,0
"2018-09-09 09:20:00",721113,1.14,82.7,22.32,64.18,0,579.3,580.8,0
"2018-09-09 09:21:00",721114,0.285,110.3,22.29,64.31,0,582.2,583.2,0
"2018-09-09 09:22:00",721115,0.758,134.6,22.39,63.74,0,583.4,584.6,0
"2018-09-09 09:23:00",721116,0.79,92.5,22.5,62.96,0,586,587.2,0
"2018-09-09 09:24:00",721117,0.699,90.7,22.64,62.24,0,589.4,590.3,0
"2018-09-09 09:25:00",721118,0.459,148.7,22.79,61.43,0,593.1,594.1,0
"2018-09-09 09:26:00",721119,0,0,22.92,61.77,0,595,596.1,0
"2018-09-09 09:27:00",721120,0,0,23.05,61.28,0,599.1,600,0
"2018-09-09 09:28:00",721121,0.505,178.2,23.35,60.3,0,601,602.1,0
"2018-09-09 09:29:00",721122,1.193,114.6,23.49,59.32,0,604.3,605.9,0
"2018-09-09 09:30:00",721123,0.563,123.5,23.41,59.99,0,607.6,608.9,0
"2018-09-09 09:31:00",721124,1.202,89.9,23.34,60.36,0,610.8,612,0
"2018-09-09 09:32:00",721125,1.575,102,23.24,61.48,0,613.5,615.2,0
"2018-09-09 09:33:00",721126,0.73,124.5,23.05,61.21,0,617.3,618.8,0
"2018-09-09 09:34:00",721127,0.048,109.9,23.02,61.24,0,619,620.1,0
"2018-09-09 09:35:00",721128,0.866,138.4,23.11,60.26,0,622.7,624,0
"2018-09-09 09:36:00",721129,0.588,124.4,23.2,60.93,0,624.2,625.7,0
"2018-09-09 09:37:00",721130,0.253,136.2,23.23,60.63,0,627.1,628.1,0
"2018-09-09 09:38:00",721131,0.617,105.8,23.4,58.91,0,630.1,631.6,0
"2018-09-09 09:39:00",721132,0.222,115,23.54,58.94,0,632.4,633.7,0
"2018-09-09 09:40:00",721133,0.848,92.7,23.58,59.72,0,634.3,635.7,0
"2018-09-09 09:41:00",721134,0.016,80.3,23.55,58.94,0,638.5,639.7,0
"2018-09-09 09:42:00",721135,0.333,132.8,23.65,58.87,0,643.8,644.8,0
"2018-09-09 09:43:00",721136,0.737,75.26,23.85,56,0,647.7,648.8,0
"2018-09-09 09:44:00",721137,0.988,47.43,23.94,55.9,0,650.4,651.6,0
"2018-09-09 09:45:00",721138,1.58,57.75,23.98,57.2,0,655.1,657,0
"2018-09-09 09:46:00",721139,1.875,59.52,23.83,57.82,0,658.6,660.9,0
"2018-09-09 09:47:00",721140,1.024,71.78,23.55,58.12,0,661.6,663.5,0
"2018-09-09 09:48:00",721141,1.56,45.74,23.47,57.55,0,664.1,666.1,0
"2018-09-09 09:49:00",721142,1.975,46.86,23.38,58.93,0,665.2,667.7,0.33
"2018-09-09 09:50:00",721143,1.306,308.1,23.29,58.22,0,670.5,672.7,0.439
"2018-09-09 09:51:00",721144,0.998,76.76,23.31,57.31,0,672.7,674.8,0
"2018-09-09 09:52:00",721145,0.626,101.3,23.46,56.97,0,676.4,678.3,0
"2018-09-09 09:53:00",721146,0.523,38.4,23.61,55.65,0,679.8,681.6,0
"2018-09-09 09:54:00",721147,1.589,46.94,23.76,56.26,0,681.2,683.6,0
"2018-09-09 09:55:00",721148,1.714,41.91,23.75,55.79,0,681.6,684,0
"2018-09-09 09:56:00",721149,0.937,43.5,23.66,56.57,0,685.2,687.9,0
"2018-09-09 09:57:00",721150,2.35,44.79,23.58,54.88,0,689.3,692.2,0
"2018-09-09 09:58:00",721151,1.412,339.6,23.41,55.48,0,694.8,697.8,0.176
"2018-09-09 09:59:00",721152,0.496,71.27,23.36,54.84,0,697.2,699.5,0
"2018-09-09 10:00:00",721153,0.884,340.5,23.53,54.71,0,698.4,700.7,0
"2018-09-09 10:01:00",721154,0.964,16.34,23.61,53.93,0,698.8,701,0
"2018-09-09 10:02:00",721155,2.775,65.23,23.59,55.35,0,700.6,704,0
"2018-09-09 10:03:00",721156,1.136,344.1,23.35,56.8,0,703.3,706.2,0
"2018-09-09 10:04:00",721157,0.827,294.8,23.37,56.83,0,704.6,706.7,0
"2018-09-09 10:05:00",721158,0.167,285.8,23.6,56.46,0,708.9,711.1,0
"2018-09-09 10:06:00",721159,1.315,11.04,23.85,54.62,0,712.5,715,0
"2018-09-09 10:07:00",721160,0.429,53.46,23.88,54.98,0,716.6,719.1,0
"2018-09-09 10:08:00",721161,0.313,40.48,23.88,54.81,0,717.8,720.4,0
"2018-09-09 10:09:00",721162,1.034,21.95,24.02,55.33,0,720.1,722.9,0
"2018-09-09 10:10:00",721163,1.437,334.7,24.04,57.1,0,718.7,721.7,0
"2018-09-09 10:11:00",721164,1.293,280.7,24.03,57.25,0,722,724.8,0
"2018-09-09 10:12:00",721165,2.137,282.3,24.11,56.53,0,725.2,727.7,0
"2018-09-09 10:13:00",721166,1.7,278.1,24.15,56.44,0,726.9,729.6,0
"2018-09-09 10:14:00",721167,1.575,272.5,24.16,56.47,0,727.1,729.8,0
"2018-09-09 10:15:00",721168,2.55,286.2,24.17,53.89,0,727,729.8,0
"2018-09-09 10:16:00",721169,1.572,289.8,24.34,53.48,0,729.5,732.2,0
"2018-09-09 10:17:00",721170,1.95,293,24.46,54.22,0,728.5,731.6,0
"2018-09-09 10:18:00",721171,1.547,294.4,24.41,55.57,0,732.1,735.4,0
"2018-09-09 10:19:00",721172,1.301,282,24.29,54.12,0,732.1,735,0
"2018-09-09 10:20:00",721173,1.315,295.1,24.35,54.59,0,735.3,738.3,0
"2018-09-09 10:21:00",721174,0.553,355.2,24.43,54.69,0,737,740.4,0
"2018-09-09 10:22:00",721175,0.757,50.05,24.59,53.95,0,739.3,742.5,0
"2018-09-09 10:23:00",721176,1.747,60.44,24.68,54.03,0,738.4,742.2,0
"2018-09-09 10:24:00",721177,0.706,28.27,24.5,55.11,0,737.7,741.4,0
"2018-09-09 10:25:00",721178,0.776,51.04,24.44,55.01,0,743.7,747.1,0
"2018-09-09 10:26:00",721179,1.634,301.3,24.56,51.1,0,748.8,751.9,0
"2018-09-09 10:27:00",721180,1.502,357.3,24.59,52.78,0,750.4,754.5,0
"2018-09-09 10:28:00",721181,1.617,309.3,24.43,53.19,0,749.7,753.8,0
"2018-09-09 10:29:00",721182,1.172,268.1,24.33,52.21,0,748.9,752.7,0
"2018-09-09 10:30:00",721183,1.188,276.9,24.45,51.4,0,747.5,750.9,0
"2018-09-09 10:31:00",721184,2.35,53.02,24.61,49.61,0,749.7,754,0.176
"2018-09-09 10:32:00",721185,2.275,30.82,24.47,49.98,0,754.9,759.3,2.05
"2018-09-09 10:33:00",721186,2.675,30.74,24.24,51.27,0,763.6,768,2.313
"2018-09-09 10:34:00",721187,2.175,309.4,24.14,48.23,0,768.2,772.4,1.713
"2018-09-09 10:35:00",721188,1.123,35.18,24.14,47.05,0,774,777.6,0.242
"2018-09-09 10:36:00",721189,0.49,88.9,24.26,46.98,0,776.3,779.7,0
"2018-09-09 10:37:00",721190,0.791,20.74,24.43,46.61,0,777.7,780.9,0
"2018-09-09 10:38:00",721191,2.95,33.47,24.51,44.59,0,781.7,785.8,0
"2018-09-09 10:39:00",721192,2.25,25.94,24.35,47.08,0,785.2,789.6,1.222
"2018-09-09 10:40:00",721193,2.562,33.05,24.15,48.23,0,785.8,790.8,1.947
"2018-09-09 10:41:00",721194,2.125,48.12,24.01,47.79,0,786.5,791.1,2.072
"2018-09-09 10:42:00",721195,1.85,309.9,24.07,48.77,0,791.2,795.4,0.944
"2018-09-09 10:43:00",721196,0.483,316.2,24.33,46.74,0,793.6,797,0
"2018-09-09 10:44:00",721197,0.123,345.4,24.71,46.98,0,792,794.9,0
"2018-09-09 10:45:00",721198,2.248,327.3,24.98,44.99,0,791,794.5,0
"2018-09-09 10:46:00",721199,2.009,337.9,24.74,48.7,0,792,796.5,0
"2018-09-09 10:47:00",721200,2.212,348.3,24.46,49.81,0,788.5,793.4,0
"2018-09-09 10:48:00",721201,2.25,41.72,24.3,50.76,0,794.1,799,0
"2018-09-09 10:49:00",721202,2.337,52.99,24.21,51.47,0,789.8,794.7,0.593
"2018-09-09 10:50:00",721203,2.675,52.69,24.07,52.18,0,796,801,2.628
"2018-09-09 10:51:00",721204,1.261,25.86,24.01,51.2,0,800,804,2.277
"2018-09-09 10:52:00",721205,1.517,309.2,24.24,49.04,0,809,813,0.044
"2018-09-09 10:53:00",721206,2.231,37.55,24.41,48.87,0,811,815,0
"2018-09-09 10:54:00",721207,1.925,45.51,24.47,49.34,0,810,814,0
"2018-09-09 10:55:00",721208,0.796,21.26,24.61,49.95,0,816,820,0
"2018-09-09 10:56:00",721209,0.497,260.8,24.93,48.84,0,818,821,0
"2018-09-09 10:57:00",721210,1.341,288.6,25.22,50.42,0,819,823,0
"2018-09-09 10:58:00",721211,2.562,293.2,25.33,52.04,0,819,823,0
"2018-09-09 10:59:00",721212,2.525,295.8,25.09,52.82,0,813,817,0
"2018-09-09 11:00:00",721213,2.625,315.4,24.84,54.94,0,812,817,0
"2018-09-09 11:01:00",721214,2.612,295.4,24.55,55.11,0,817,822,0
"2018-09-09 11:02:00",721215,2.05,303.3,24.47,55.38,0,815,820,0
"2018-09-09 11:03:00",721216,3.187,291.6,24.42,55.89,0,803,808,0
"2018-09-09 11:04:00",721217,4.2,274.8,24.37,55.45,0,810,815,0
"2018-09-09 11:05:00",721218,3.95,281.7,24.37,55.18,0,811,817,0
"2018-09-09 11:06:00",721219,3.325,268.4,24.42,55.4,0,821,826,0
"2018-09-09 11:07:00",721220,2.562,296.2,24.5,56.56,0,830,835,0
"2018-09-09 11:08:00",721221,2.912,271.3,24.49,56.02,0,821,826,0
"2018-09-09 11:09:00",721222,3.137,293.1,24.58,55.58,0,823,828,0
"2018-09-09 11:10:00",721223,3.862,287.5,24.58,56.26,0,820,826,0
"2018-09-09 11:11:00",721224,3.125,280.3,24.49,54.87,0,824,829,0
"2018-09-09 11:12:00",721225,3.375,287.6,24.58,54.77,0,823,829,0
"2018-09-09 11:13:00",721226,2.812,286.4,24.45,56.43,0,823,829,0
"2018-09-09 11:14:00",721227,2.937,306.8,24.38,56.22,0,831,837,0
"2018-09-09 11:15:00",721228,2.7,301.9,24.33,55.65,0,838,845,0
"2018-09-09 11:16:00",721229,0.863,304.2,24.29,55.99,0,846,852,0
"2018-09-09 11:17:00",721230,0.82,338.6,24.39,55.55,0,843,849,0
"2018-09-09 11:18:00",721231,0.402,316.8,24.45,55.18,0,853,858,0
"2018-09-09 11:19:00",721232,2.125,267,24.68,55.72,0,850,855,0
"2018-09-09 11:20:00",721233,2.812,270.4,24.78,55.85,0,853,859,0
"2018-09-09 11:21:00",721234,1.667,276.3,24.97,55.18,0,853,858,0
"2018-09-09 11:22:00",721235,3.262,281.5,25.17,55.79,0,854,860,0
"2018-09-09 11:23:00",721236,3.175,294.4,25.19,54.84,0,848,854,0
"2018-09-09 11:24:00",721237,2.387,295.9,25.12,55.41,0,841,847,0
"2018-09-09 11:25:00",721238,3.512,292.1,25.07,55.17,0,838,845,0
"2018-09-09 11:26:00",721239,2.562,284.2,24.87,57.33,0,841,848,0
"2018-09-09 11:27:00",721240,3.237,282.1,24.77,55.78,0,851,858,0
"2018-09-09 11:28:00",721241,3.337,291.1,24.78,53.49,0,856,862,0
"2018-09-09 11:29:00",721242,2.762,292.4,24.76,55.24,0,857,864,0
"2018-09-09 11:30:00",721243,2.334,286.6,24.76,55.61,0,855,862,0
"2018-09-09 11:31:00",721244,1.937,298.3,24.9,53.62,0,854,859,0
"2018-09-09 11:32:00",721245,2.287,286.4,25.03,53.82,0,854,860,0
"2018-09-09 11:33:00",721246,2.612,283.5,25.08,54.73,0,852,858,0
"2018-09-09 11:34:00",721247,2.962,295.1,25.21,52.13,0,859,864,0
"2018-09-09 11:35:00",721248,1.74,281.9,25.24,54.63,0,859,865,0
"2018-09-09 11:36:00",721249,2.612,306,25.32,49.09,0,857,863,0
"2018-09-09 11:37:00",721250,1.937,7.691,25.32,51.22,0,859,866,0.176
"2018-09-09 11:38:00",721251,1.987,308.5,25.09,53.41,0,867,874,0
"2018-09-09 11:39:00",721252,2.687,302,25.14,52.84,0,873,879,0
"2018-09-09 11:40:00",721253,3.937,292.1,25.06,53.43,0,876,882,0
"2018-09-09 11:41:00",721254,3.4,300.1,24.91,52.16,0,876,884,0
"2018-09-09 11:42:00",721255,2.362,270.4,24.76,53.24,0,882,889,0
"2018-09-09 11:43:00",721256,3.125,292.1,24.96,47.51,0,881,887,0
"2018-09-09 11:44:00",721257,2.9,313.1,25.11,47.3,0,880,887,0
"2018-09-09 11:45:00",721258,2.2,303,25.02,51.69,0,882,889,0
"2018-09-09 11:46:00",721259,3.187,309.7,25.01,49.39,0,883,890,0
"2018-09-09 11:47:00",721260,2.187,293,24.95,50.07,0,880,886,0
"2018-09-09 11:48:00",721261,2.412,300.2,25.06,48.42,0,877,883,0
"2018-09-09 11:49:00",721262,2.117,313.8,25.18,47.91,0,879,886,0
"2018-09-09 11:50:00",721263,3.55,292,25.14,48.89,0,884,890,0
"2018-09-09 11:51:00",721264,3.512,298.3,25.13,49.06,0,882,888,0
"2018-09-09 11:52:00",721265,4.625,292.3,25.08,48.01,0,879,886,0
"2018-09-09 11:53:00",721266,3.712,297.3,24.86,47.2,0,882,889,0
"2018-09-09 11:54:00",721267,3.987,290.1,24.72,49.43,0,885,892,0
"2018-09-09 11:55:00",721268,4.587,301.8,24.76,49.26,0,891,899,0
"2018-09-09 11:56:00",721269,2.937,291.8,24.74,50.17,0,894,902,0
"2018-09-09 11:57:00",721270,4.325,302.4,24.75,47.88,0,895,902,0
"2018-09-09 11:58:00",721271,3.95,290.4,24.68,48.11,0,894,901,0
"2018-09-09 11:59:00",721272,4.187,297.2,24.77,48.45,0,895,902,0
"2018-09-09 12:00:00",721273,3.762,291.8,24.79,50.94,0,893,901,0
"2018-09-09 12:01:00",721274,3.275,290,24.76,50.81,0,894,901,0
"2018-09-09 12:02:00",721275,2.775,296.4,24.91,50.94,0,894,901,0
"2018-09-09 12:03:00",721276,4.787,296.1,24.98,50.1,0,891,898,0
"2018-09-09 12:04:00",721277,4.075,291.6,25.05,45.82,0,892,899,0
"2018-09-09 12:05:00",721278,3.9,272.5,25.06,47.37,0,897,903,0
"2018-09-09 12:06:00",721279,4.275,292.7,25.22,48.72,0,897,903,0
"2018-09-09 12:07:00",721280,4.65,293.5,25.2,46.05,0,895,902,0
"2018-09-09 12:08:00",721281,3.125,294.9,25.09,47.77,0,897,903,0
"2018-09-09 12:09:00",721282,3.212,287.8,25.08,49.87,0,899,905,0
"2018-09-09 12:10:00",721283,4.062,289.5,25.32,44.91,0,900,906,0
"2018-09-09 12:11:00",721284,3.025,318.4,25.38,47.03,0,900,908,0
"2018-09-09 12:12:00",721285,3.75,296.3,25.28,44.74,0,901,908,0
"2018-09-09 12:13:00",721286,4.725,289,25.27,44,0,900,906,0
"2018-09-09 12:14:00",721287,3.962,300,25.23,44.06,0,900,907,0
"2018-09-09 12:15:00",721288,5.5,306,25.09,42.41,0,903,911,0
"2018-09-09 12:16:00",721289,4.625,295.1,24.85,47.2,0,904,911,0
"2018-09-09 12:17:00",721290,3.962,283.3,24.88,45.77,0,903,909,0
"2018-09-09 12:18:00",721291,3.937,295.6,25.17,44.55,0,902,909,0
"2018-09-09 12:19:00",721292,3.975,290.6,25.27,46.04,0,902,909,0
"2018-09-09 12:20:00",721293,4.3,293,25.32,47.29,0,902,909,0
"2018-09-09 12:21:00",721294,5.938,298.4,25.21,43.71,0,902,909,0
"2018-09-09 12:22:00",721295,4.913,294.3,25,42.97,0,902,909,0
"2018-09-09 12:23:00",721296,4.662,304.6,24.95,45.13,0,905,912,0
"2018-09-09 12:24:00",721297,5.2,293.9,24.85,45.56,0,906,913,0
"2018-09-09 12:25:00",721298,5.213,297.4,24.81,50.32,0,905,912,0
"2018-09-09 12:26:00",721299,5.063,291.9,24.76,51.5,0,903,910,0
"2018-09-09 12:27:00",721300,4.3,294.9,24.69,52.78,0,901,907,0
"2018-09-09 12:28:00",721301,3.8,326.8,24.63,50.99,0,900,907,0
"2018-09-09 12:29:00",721302,4.475,289.4,24.69,50.3,0,901,907,0
"2018-09-09 12:30:00",721303,4.237,307.3,24.82,48.84,0,900,907,0
"2018-09-09 12:31:00",721304,5.25,300,24.69,46.44,0,904,911,0
"2018-09-09 12:32:00",721305,3.412,307.9,24.57,46.88,0,902,909,0
"2018-09-09 12:33:00",721306,2.662,305.3,24.66,45.53,0,899,905,0
"2018-09-09 12:34:00",721307,2.9,307.9,24.86,44.79,0,906,912,0
"2018-09-09 12:35:00",721308,4.05,294.7,24.97,47.71,0,904,910,0
"2018-09-09 12:36:00",721309,4.112,297.4,25.03,47.34,0,906,912,0
"2018-09-09 12:37:00",721310,2.275,290.8,25.04,47.84,0,906,912,0
"2018-09-09 12:38:00",721311,4.512,300.6,25.24,47.17,0,905,911,0
"2018-09-09 12:39:00",721312,4.362,298.7,25.27,48.55,0,904,910,0
"2018-09-09 12:40:00",721313,3.962,298.6,25.09,49.26,0,901,908,0
"2018-09-09 12:41:00",721314,4.737,292.6,25.03,47,0,899,905,0
"2018-09-09 12:42:00",721315,4.275,292.5,25.15,47.64,0,898,904,0
"2018-09-09 12:43:00",721316,2.562,336.3,25.19,46.66,0,899,905,0
"2018-09-09 12:44:00",721317,3.637,297.8,25.2,45.99,0,899,905,0
"2018-09-09 12:45:00",721318,4.237,308.7,25.19,45.92,0,899,906,0
"2018-09-09 12:46:00",721319,2.9,310.5,25.04,45.18,0,901,908,0
"2018-09-09 12:47:00",721320,3.675,319.8,25.05,41.1,0,902,909,0
"2018-09-09 12:48:00",721321,5.025,289,25,42.21,0,902,908,0
"2018-09-09 12:49:00",721322,3.612,311.6,24.98,43.83,0,901,907,0
"2018-09-09 12:50:00",721323,4,325.4,24.92,46.16,0,899,906,0
"2018-09-09 12:51:00",721324,3.787,305.9,24.74,46.49,0,898,905,0
"2018-09-09 12:52:00",721325,4.35,296.8,24.73,45.35,0,899,905,0
"2018-09-09 12:53:00",721326,3.612,298.9,24.72,48.05,0,898,904,0
"2018-09-09 12:54:00",721327,4.575,293.8,24.75,45.52,0,896,902,0
"2018-09-09 12:55:00",721328,4.062,307.7,24.78,43.36,0,896,902,0
"2018-09-09 12:56:00",721329,4.988,295,24.83,42.68,0,897,903,0
"2018-09-09 12:57:00",721330,4.813,292.4,24.89,40.86,0,897,903,0
"2018-09-09 12:58:00",721331,5.075,295,24.89,42.55,0,896,902,0
"2018-09-09 12:59:00",721332,4.963,306.1,24.85,42.63,0,895,902,0
"2018-09-09 13:00:00",721333,3.862,288.9,24.73,45.52,0,896,902,0
"2018-09-09 13:01:00",721334,4.575,292.1,24.85,42.57,0,895,900,0
"2018-09-09 13:02:00",721335,4.075,304.9,24.98,40.48,0,894,900,0
"2018-09-09 13:03:00",721336,3.437,305.3,24.99,42.4,0,894,900,0
"2018-09-09 13:04:00",721337,3.762,291,24.98,43.85,0,891,897,0
"2018-09-09 13:05:00",721338,4.587,308.9,25.07,44.02,0,890,896,0
"2018-09-09 13:06:00",721339,4.312,307,24.91,44.22,0,890,897,0
"2018-09-09 13:07:00",721340,2.975,323,24.76,43.99,0,891,897,0
"2018-09-09 13:08:00",721341,2.875,328.2,24.76,43.34,0,891,897,0
"2018-09-09 13:09:00",721342,4.587,294.3,24.89,43.06,0,891,897,0
"2018-09-09 13:10:00",721343,3.35,296.6,24.96,43.26,0,891,896,0
"2018-09-09 13:11:00",721344,3.762,301.3,25.15,38.54,0,890,895,0
"2018-09-09 13:12:00",721345,3.825,296,25.23,39.06,0,888,894,0
"2018-09-09 13:13:00",721346,4.262,303.9,25.17,42.15,0,889,895,0
"2018-09-09 13:14:00",721347,3.687,306.3,25.13,43.94,0,888,894,0
"2018-09-09 13:15:00",721348,3.462,311.6,25.15,43.21,0,886,892,0
"2018-09-09 13:16:00",721349,2.271,308.2,25.1,44.41,0,885,890,0
"2018-09-09 13:17:00",721350,5.175,300.3,25.18,43.77,0,886,891,0
"2018-09-09 13:18:00",721351,5.063,297.5,25.2,40.29,0,886,891,0
"2018-09-09 13:19:00",721352,4.25,301.2,25.14,42.38,0,885,891,0
"2018-09-09 13:20:00",721353,5.325,297.8,25.09,43.13,0,885,891,0
"2018-09-09 13:21:00",721354,4.25,297.6,25.03,45.22,0,883,889,0
"2018-09-09 13:22:00",721355,4.7,293.5,25.06,44.37,0,882,887,0
"2018-09-09 13:23:00",721356,5.413,294,25.13,44.58,0,880,885,0
"2018-09-09 13:24:00",721357,3.862,292.6,25.14,45.99,0,876,881,0
"2018-09-09 13:25:00",721358,3.225,304,25.29,47.12,0,874,879,0
"2018-09-09 13:26:00",721359,4.562,299.6,25.33,46.01,0,871,877,0
"2018-09-09 13:27:00",721360,4.187,300.8,25.31,45.72,0,870,876,0
"2018-09-09 13:28:00",721361,4.362,303.2,25.24,47.26,0,869,875,0
"2018-09-09 13:29:00",721362,5.763,291.4,25.15,47.17,0,868,874,0
"2018-09-09 13:30:00",721363,5.813,294.9,25.03,47.27,0,869,875,0
"2018-09-09 13:31:00",721364,5.863,294.8,24.86,47.44,0,869,875,0
"2018-09-09 13:32:00",721365,5.413,298.1,24.81,46.09,0,868,873,0
"2018-09-09 13:33:00",721366,5.05,304,24.78,44.74,0,869,874,0
"2018-09-09 13:34:00",721367,4.05,297.5,24.8,46.53,0,869,874,0
"2018-09-09 13:35:00",721368,4.587,294,24.89,47.37,0,866,871,0
"2018-09-09 13:36:00",721369,4.787,310.8,24.96,47.21,0,864,870,0
"2018-09-09 13:37:00",721370,3.637,317.2,24.8,46.84,0,865,870,0
"2018-09-09 13:38:00",721371,2.875,295,24.72,45.11,0,864,869,0
"2018-09-09 13:39:00",721372,4.375,297.7,24.97,44.34,0,865,869,0
"2018-09-09 13:40:00",721373,4.812,296.3,25.14,45.28,0,864,869,0
"2018-09-09 13:41:00",721374,4.062,294.7,25.12,45.39,0,863,868,0
"2018-09-09 13:42:00",721375,3.425,297.5,25.15,46.47,0,862,867,0
"2018-09-09 13:43:00",721376,4.637,295.3,25.34,46.11,0,862,866,0
"2018-09-09 13:44:00",721377,2.95,303.9,25.44,48,0,861,866,0
"2018-09-09 13:45:00",721378,3.525,289.1,25.66,45.28,0,859,863,0
"2018-09-09 13:46:00",721379,4.087,295.5,25.79,43.66,0,858,862,0
"2018-09-09 13:47:00",721380,2.55,328.6,25.65,45.35,0,856,860,0
"2018-09-09 13:48:00",721381,2.862,308,25.58,45.62,0,852,856,0
"2018-09-09 13:49:00",721382,3.9,297.9,25.56,45.71,0,850,855,0
"2018-09-09 13:50:00",721383,3.125,300.1,25.46,45.27,0,850,854,0
"2018-09-09 13:51:00",721384,3.775,302.6,25.45,43.99,0,848,852,0
"2018-09-09 13:52:00",721385,3.162,311.1,25.47,45.47,0,846,851,0
"2018-09-09 13:53:00",721386,3.9,298.1,25.45,44.63,0,846,850,0
"2018-09-09 13:54:00",721387,4.575,294.1,25.39,43.11,0,843,848,0
"2018-09-09 13:55:00",721388,4.05,298.9,25.35,43.41,0,843,848,0
"2018-09-09 13:56:00",721389,4.8,302.3,25.28,41.49,0,843,848,0
"2018-09-09 13:57:00",721390,3.75,301.6,25.04,43.78,0,841,847,0
"2018-09-09 13:58:00",721391,2.65,330.6,24.94,43.82,0,839,844,0
"2018-09-09 13:59:00",721392,3.887,312.4,24.98,44.46,0,838,842,0
"2018-09-09 14:00:00",721393,3.137,301.7,24.99,43.16,0,835,840,0
"2018-09-09 14:01:00",721394,3.55,288,24.99,42.23,0,835,839,0
"2018-09-09 14:02:00",721395,3.575,304,25.18,43.95,0,835,839,0
"2018-09-09 14:03:00",721396,3.525,305.2,25.28,42.82,0,834,839,0
"2018-09-09 14:04:00",721397,3.75,290.1,25.26,42.13,0,832,836,0
"2018-09-09 14:05:00",721398,4.312,300.7,25.31,42.52,0,829,834,0
"2018-09-09 14:06:00",721399,3.875,301.1,25.27,43.12,0,829,833,0
"2018-09-09 14:07:00",721400,4.762,298.8,25.18,44.34,0,828,833,0
"2018-09-09 14:08:00",721401,4.362,294.6,25.02,44.94,0,826,830,0
"2018-09-09 14:09:00",721402,6.075,292.1,25.05,42.21,0,825,829,0
"2018-09-09 14:10:00",721403,5.525,296.1,25.11,39.34,0,823,827,0.044
"2018-09-09 14:11:00",721404,4.625,293,25.14,40.42,0,823,827,0.549
"2018-09-09 14:12:00",721405,4.5,297.1,25.14,43.46,0,821,826,0
"2018-09-09 14:13:00",721406,3.6,289.2,25.13,46.9,0,815,820,0
"2018-09-09 14:14:00",721407,5.463,292.2,25.29,44.94,0,811,815,0
"2018-09-09 14:15:00",721408,4.825,294.8,25.22,45.55,0,810,814,0
"2018-09-09 14:16:00",721409,5.463,286.8,25.12,45.89,0,811,815,0
"2018-09-09 14:17:00",721410,5.863,294,25.08,45.65,0,809,813,0
"2018-09-09 14:18:00",721411,5.75,297.2,25.01,45.08,0,806,810,0
"2018-09-09 14:19:00",721412,5.7,299.7,24.84,46.12,0,801,806,0
"2018-09-09 14:20:00",721413,5.15,296.1,24.75,46.49,0,799.3,804,0
"2018-09-09 14:21:00",721414,3.65,299.6,24.79,46.9,0,798.5,802,0
"2018-09-09 14:22:00",721415,3.837,292.9,25.02,45.84,0,796.6,800,0
"2018-09-09 14:23:00",721416,5.238,292.8,25.2,43.76,0,793.6,797.5,0
"2018-09-09 14:24:00",721417,4.2,300.2,25.1,43,0,790.8,794.7,0
"2018-09-09 14:25:00",721418,4.637,285.1,24.98,43.17,0,788.7,792.1,0
"2018-09-09 14:26:00",721419,2.997,305.2,25.09,42.63,0,786,789.1,0
"2018-09-09 14:27:00",721420,2.937,336.6,25.21,44.51,0,784,787.5,0
"2018-09-09 14:28:00",721421,3.012,291.7,25.26,41.47,0,782.7,786,0
"2018-09-09 14:29:00",721422,3.05,297.6,25.46,40.21,0,780.9,783.8,0
"2018-09-09 14:30:00",721423,3.35,316.4,25.53,42.13,0,776.5,779.5,0
"2018-09-09 14:31:00",721424,4.15,293,25.58,42.94,0,774.5,777.2,0
"2018-09-09 14:32:00",721425,2.7,304.1,25.6,43.45,0,771.1,773.9,0
"2018-09-09 14:33:00",721426,3.05,299.5,25.61,43.55,0,768.7,771.3,0
"2018-09-09 14:34:00",721427,2.2,297.1,25.61,42.67,0,768,770.6,0
"2018-09-09 14:35:00",721428,3.175,294.1,25.71,42.57,0,767.1,769.4,0
"2018-09-09 14:36:00",721429,3.612,304.5,25.76,41.54,0,765.3,767.9,0
"2018-09-09 14:37:00",721430,3.862,303.9,25.7,44.27,0,762.5,765.4,0
"2018-09-09 14:38:00",721431,3.187,317.2,25.61,43.23,0,760.7,763.5,0
"2018-09-09 14:39:00",721432,3.225,332.1,25.48,43.93,0,759.4,762.5,0.725
"2018-09-09 14:40:00",721433,2.906,308.4,25.36,42.21,0,757.8,760.2,0.044
"2018-09-09 14:41:00",721434,3.712,303.9,25.42,42.55,0,754.9,757.5,0
"2018-09-09 14:42:00",721435,3.35,301.2,25.43,42.87,0,751.9,754.3,0
"2018-09-09 14:43:00",721436,4.662,292.7,25.43,43.66,0,749.3,751.9,0
"2018-09-09 14:44:00",721437,3.85,292.6,25.4,41.27,0,747.4,749.7,0.988
"2018-09-09 14:45:00",721438,2.75,296.9,25.41,44.79,0,742.9,745.4,0.593
"2018-09-09 14:46:00",721439,3.362,309.1,25.42,47.07,0,739.1,741.6,0
"2018-09-09 14:47:00",721440,2.65,295.7,25.44,44.41,0,737.6,739.7,0
"2018-09-09 14:48:00",721441,2.599,304.2,25.58,45.48,0,735.2,737.1,0
"2018-09-09 14:49:00",721442,5.338,297.1,25.59,47.2,0,733.7,735.8,0
"2018-09-09 14:50:00",721443,4.15,314.7,25.39,47.98,0,730.8,733.4,0.681
"2018-09-09 14:51:00",721444,3.375,296.2,25.24,46.66,0,728.2,730.5,1.317
"2018-09-09 14:52:00",721445,5.5,301.8,25.17,49.73,0,725.9,728.2,0.483
"2018-09-09 14:53:00",721446,5.888,294,24.98,50.39,0,725.1,727.7,1.317
"2018-09-09 14:54:00",721447,6.338,297.2,24.86,50.42,0,724.6,727.3,1.317
"2018-09-09 14:55:00",721448,5.363,293.7,24.68,50.39,0,722.1,724.5,1.317
"2018-09-09 14:56:00",721449,5.438,299.4,24.64,51,0,717.1,719.8,1.317
"2018-09-09 14:57:00",721450,4.712,307.3,24.5,52.31,0,713,715.7,1.317
"2018-09-09 14:58:00",721451,4.587,291.2,24.49,50.64,0,710.8,712.9,0.263
"2018-09-09 14:59:00",721452,5.488,296.3,24.63,50.61,0,708.5,710.4,0
"2018-09-09 15:00:00",721453,4.337,306.7,24.63,49.97,0,706.9,709,0.044
"2018-09-09 15:01:00",721454,4.462,292.7,24.67,50.14,0,704.5,706.3,0.066
"2018-09-09 15:02:00",721455,4.775,301.8,24.74,50.61,0,701.4,703,0
"2018-09-09 15:03:00",721456,3.587,304.3,24.8,49.55,0,699,700.7,0
"2018-09-09 15:04:00",721457,3.075,296.3,24.9,48.93,0,698.2,699.4,0
"2018-09-09 15:05:00",721458,5.813,291.6,25.15,47,0,695.9,697.1,0
"2018-09-09 15:06:00",721459,5.525,291.7,25.06,45.76,0,692.5,693.9,0.242
"2018-09-09 15:07:00",721460,4.487,299,25.01,48.49,0,689.2,690.8,0.307
"2018-09-09 15:08:00",721461,3.512,297.5,24.95,49.03,0,686.4,687.7,0
"2018-09-09 15:09:00",721462,4.1,294.9,25.07,49.06,0,682.8,683.9,0
"2018-09-09 15:10:00",721463,3.437,298.9,25.18,48.39,0,679.8,681.2,0
"2018-09-09 15:11:00",721464,3.625,298,25.17,49.91,0,678.2,679.8,0
"2018-09-09 15:12:00",721465,2.325,300.9,25.23,47.72,0,675.5,676.8,0
"2018-09-09 15:13:00",721466,3.25,297.6,25.38,47.78,0,672,673.6,0
"2018-09-09 15:14:00",721467,3.425,294.4,25.45,48.56,0,670.4,672.3,0
"2018-09-09 15:15:00",721468,5.525,296.3,25.5,49.24,0,666.6,668.6,0
"2018-09-09 15:16:00",721469,5.8,299.7,25.17,51.53,0,664,666.8,0.681
"2018-09-09 15:17:00",721470,5.725,290.5,24.94,50.22,0,661,663.7,1.318
"2018-09-09 15:18:00",721471,5.775,295.7,24.86,51.16,0,657.7,660.6,1.318
"2018-09-09 15:19:00",721472,4.625,290.7,24.8,51.73,0,653.3,656,1.318
"2018-09-09 15:20:00",721473,5.325,301.9,24.78,51.23,0,648.6,651.4,1.318
"2018-09-09 15:21:00",721474,5.525,300.1,24.74,51.87,0,649,651.9,1.318
"2018-09-09 15:22:00",721475,5.4,292.9,24.7,50.62,0,648.7,651.5,1.142
"2018-09-09 15:23:00",721476,5.525,296.4,24.7,50.94,0,646,648.8,0.044
"2018-09-09 15:24:00",721477,5.088,298.4,24.67,52.98,0,644,647,1.296
"2018-09-09 15:25:00",721478,5.163,292.1,24.67,51.06,0,643.5,646.2,0.483
"2018-09-09 15:26:00",721479,5.363,292.8,24.74,49.61,0,639.2,642,0
"2018-09-09 15:27:00",721480,4.125,313.1,24.77,49.34,0,635.8,638.9,0.637
"2018-09-09 15:28:00",721481,4.025,292.6,24.77,48.6,0,634.3,637,0
"2018-09-09 15:29:00",721482,4.662,296.1,24.85,48.33,0,631.6,634.2,0
"2018-09-09 15:30:00",721483,5.875,296,24.8,50.99,0,627.8,631,0.22
"2018-09-09 15:31:00",721484,5.063,299.4,24.73,50.93,0,625.7,629,1.318
"2018-09-09 15:32:00",721485,4.5,315.1,24.54,51.43,0,623,626.7,1.318
"2018-09-09 15:33:00",721486,4.675,303.4,24.44,48.9,0,618.9,622.1,0.747
"2018-09-09 15:34:00",721487,4.825,306.8,24.41,47.96,0,615.5,618.9,0.549
"2018-09-09 15:35:00",721488,3.325,308.5,24.41,47.42,0,612.5,615.7,0
"2018-09-09 15:36:00",721489,2.325,319,24.47,49.17,0,609,611.9,0
"2018-09-09 15:37:00",721490,4.637,304.1,24.67,49.44,0,603.3,606.3,0
"2018-09-09 15:38:00",721491,5.2,291.8,24.75,48.97,0,602.1,604.9,0
"2018-09-09 15:39:00",721492,4.813,294.4,24.78,50.22,0,601.4,604.6,0
"2018-09-09 15:40:00",721493,4.837,297.7,24.75,48.97,0,597.9,601.2,0
"2018-09-09 15:41:00",721494,6.125,299.1,24.65,49.81,0,594.5,598.2,0.9
"2018-09-09 15:42:00",721495,5.075,297,24.51,49.07,0,590.7,594.3,1.318
"2018-09-09 15:43:00",721496,4.337,298,24.45,50.32,0,589.9,593.5,1.318
"2018-09-09 15:44:00",721497,4.5,294.8,24.42,51.8,0,586.4,589.9,0.329
"2018-09-09 15:45:00",721498,4.975,291.7,24.49,51.87,0,581.6,585.1,0
"2018-09-09 15:46:00",721499,5.025,292.6,24.62,50.59,0,580.1,583.6,0
"2018-09-09 15:47:00",721500,4.837,293.1,24.69,50.49,0,574.3,578,0
"2018-09-09 15:48:00",721501,5.65,297,24.6,51.37,0,569.9,573.8,0.703
"2018-09-09 15:49:00",721502,5.55,291.5,24.52,51.87,0,568.6,572.5,1.208
"2018-09-09 15:50:00",721503,5.513,294.7,24.47,52.48,0,566.2,570.2,1.318
"2018-09-09 15:51:00",721504,4.725,293.9,24.43,51.16,0,564.1,567.7,0.747
"2018-09-09 15:52:00",721505,5.738,298.4,24.44,50.93,0,560.8,564.6,0
"2018-09-09 15:53:00",721506,4.7,299.7,24.4,51.5,0,556.1,560.2,1.164
"2018-09-09 15:54:00",721507,3.562,294.4,24.33,52.78,0,552.2,555.9,0.659
"2018-09-09 15:55:00",721508,3.462,300.4,24.47,51,0,551,554.5,0
"2018-09-09 15:56:00",721509,3.775,293.9,24.68,49.14,0,546.2,549.7,0
"2018-09-09 15:57:00",721510,3.825,303.7,24.74,50.32,0,544.3,547.9,0
"2018-09-09 15:58:00",721511,4.437,293.1,24.75,48.16,0,541.8,545.4,0
"2018-09-09 15:59:00",721512,3.537,301.6,24.76,48.7,0,538.3,541.9,0
"2018-09-09 16:00:00",721513,2.887,291.8,24.83,50.05,0,534.3,537.5,0
"2018-09-09 16:01:00",721514,3.75,284.6,25.02,50.81,0,532.1,535.4,0
"2018-09-09 16:02:00",721515,4.6,296.4,25.03,48.41,0,528.8,532.3,0
"2018-09-09 16:03:00",721516,4.475,296,24.88,49.56,0,524.1,528,0
"2018-09-09 16:04:00",721517,4.087,292.4,24.79,48.52,0,520.7,523.7,0.483
"2018-09-09 16:05:00",721518,4.637,295.6,24.78,51.82,0,516,519.7,0.856
"2018-09-09 16:06:00",721519,3.775,301.3,24.63,52.01,0,515.2,518.9,1.318
"2018-09-09 16:07:00",721520,4.3,300,24.57,52.99,0,511.2,514.7,0.395
"2018-09-09 16:08:00",721521,4.8,291,24.54,53.26,0,505.4,509,0.769
"2018-09-09 16:09:00",721522,5.4,293.9,24.52,53.32,0,505.2,508.6,0.439
"2018-09-09 16:10:00",721523,4.6,289.1,24.5,53.29,0,501.2,504.6,1.318
"2018-09-09 16:11:00",721524,5.088,292.4,24.61,50.12,0,496.7,500.1,0.681
"2018-09-09 16:12:00",721525,4.7,299.6,24.65,49.9,0,492.6,496.2,0.373
"2018-09-09 16:13:00",721526,3.975,295.2,24.47,53.56,0,490.1,493.4,1.252
"2018-09-09 16:14:00",721527,4.037,293.8,24.46,51.47,0,484,487.1,0.527
"2018-09-09 16:15:00",721528,4.237,293.5,24.5,52.04,0,482.6,485.6,0
"2018-09-09 16:16:00",721529,5.638,298.5,24.48,53.36,0,480,483.4,0.351
"2018-09-09 16:17:00",721530,5.213,293.4,24.38,53.09,0,475.8,478.9,1.318
"2018-09-09 16:18:00",721531,3.825,284,24.26,53.07,0,472.5,475.3,0.791
"2018-09-09 16:19:00",721532,4.05,281.2,24.34,52.43,0,469.1,471.5,0
"2018-09-09 16:20:00",721533,4.85,298.1,24.6,52.29,0,466.8,469.4,0
"2018-09-09 16:21:00",721534,4.337,305.2,24.55,52.31,0,464.2,466.9,0
"2018-09-09 16:22:00",721535,4.875,297.4,24.46,53.22,0,460.8,463.4,0
"2018-09-09 16:23:00",721536,4.387,291.8,24.33,54.05,0,456.6,459,0
"2018-09-09 16:24:00",721537,5.225,295.5,24.39,53.09,0,453.2,455.6,0
"2018-09-09 16:25:00",721538,5.35,292.2,24.36,52.9,0,449.2,451.7,0
"2018-09-09 16:26:00",721539,4.65,288.2,24.31,53.37,0,446.8,449.1,0
"2018-09-09 16:27:00",721540,4.637,283,24.39,52.8,0,443.4,445.3,0
"2018-09-09 16:28:00",721541,5.213,300.8,24.47,53.58,0,438.1,440.2,0
"2018-09-09 16:29:00",721542,5.775,295.4,24.37,52.67,0,435.9,438.1,0
"2018-09-09 16:30:00",721543,5.288,298.5,24.23,53.24,0,433.6,435.7,0
"2018-09-09 16:31:00",721544,4.912,300,24.2,52.94,0,429.9,431.7,0
"2018-09-09 16:32:00",721545,4.7,280,24.23,53.88,0,425.6,427.1,0
"2018-09-09 16:33:00",721546,5.138,288.4,24.38,52.94,0,422.6,423.7,0
"2018-09-09 16:34:00",721547,6.175,295.5,24.39,54.22,0,419.4,420.8,0
"2018-09-09 16:35:00",721548,5.25,289.7,24.23,54.39,0,414.6,415.8,0
"2018-09-09 16:36:00",721549,5.8,294.3,24.2,54.22,0,411.3,412.6,0
"2018-09-09 16:37:00",721550,4.225,300,24.14,55.23,0,409.1,410.2,0
"2018-09-09 16:38:00",721551,4.637,294.2,24.14,54.45,0,405.9,406.6,0
"2018-09-09 16:39:00",721552,4.875,291.3,24.14,54.79,0,401.2,401.9,0
"2018-09-09 16:40:00",721553,4.562,303.6,24.17,54.32,0,397.7,398.1,0
"2018-09-09 16:41:00",721554,4.35,298.2,24.16,53.98,0,393.6,394,0
"2018-09-09 16:42:00",721555,3.45,296.9,24.12,52.53,0,390.8,391,0
"2018-09-09 16:43:00",721556,3.375,296.4,24.16,52.94,0,386.6,386.7,0
"2018-09-09 16:44:00",721557,5.275,291.9,24.22,51.48,0,382.1,382,0
"2018-09-09 16:45:00",721558,4.462,294.4,24.19,52.63,0,379.3,379.2,0
"2018-09-09 16:46:00",721559,4.275,308.1,24.15,52.9,0,377.3,377.1,0
"2018-09-09 16:47:00",721560,3.412,302.1,24.13,53.56,0,373.1,372.7,0
"2018-09-09 16:48:00",721561,4.85,299,24.14,52.68,0,368.9,368.2,0
"2018-09-09 16:49:00",721562,5.888,294.6,24.12,52.99,0,364.3,363.8,0
"2018-09-09 16:50:00",721563,5.238,301.7,24.02,52.58,0,361.3,360.7,0
"2018-09-09 16:51:00",721564,4.662,297.2,23.95,53.59,0,358.4,357.8,0
"2018-09-09 16:52:00",721565,4.725,289.4,23.95,53.46,0,354.3,353.5,0
"2018-09-09 16:53:00",721566,3.825,303.7,24.02,54.37,0,349.9,349,0
"2018-09-09 16:54:00",721567,4.525,293.1,24.01,53.39,0,346.7,345.5,0
"2018-09-09 16:55:00",721568,5.488,290.6,24.01,53.15,0,342.3,341,0
"2018-09-09 16:56:00",721569,6.138,296.7,23.99,52.85,0,339.5,338.4,0
"2018-09-09 16:57:00",721570,5.1,294.5,23.87,53.74,0,336.1,335,0
"2018-09-09 16:58:00",721571,5.15,299.4,23.87,53.63,0,331.6,330.4,0
"2018-09-09 16:59:00",721572,5.263,299.1,23.85,52.24,0,327.1,325.9,0
"2018-09-09 17:00:00",721573,5.663,295.3,23.77,52.88,0,324.8,323.5,0
"2018-09-09 17:01:00",721574,4.65,307.4,23.71,53.31,0,322,320.7,0
"2018-09-09 17:02:00",721575,4.312,289.3,23.69,52.46,0,319.2,317.6,0
"2018-09-09 17:03:00",721576,4.062,292.4,23.8,52.13,0,316,314.3,0
"2018-09-09 17:04:00",721577,4.8,294.1,23.84,53.37,0,312.9,311.2,0
"2018-09-09 17:05:00",721578,4.025,293.9,23.85,52.8,0,309.7,307.8,0
"2018-09-09 17:06:00",721579,4.925,297.5,23.86,51.69,0,305.3,303.7,0
"2018-09-09 17:07:00",721580,5.075,295.9,23.82,52.19,0,302.3,300.7,0
"2018-09-09 17:08:00",721581,5.438,297.6,23.78,53.68,0,299.5,298,0
"2018-09-09 17:09:00",721582,4.737,298.9,23.72,52.09,0,296.1,294.5,0
"2018-09-09 17:10:00",721583,5.063,295.4,23.71,52.46,0,292.5,291,0
"2018-09-09 17:11:00",721584,4.762,301,23.69,51.72,0,289,287.6,0
"2018-09-09 17:12:00",721585,4.462,294.3,23.66,53.07,0,283.8,282.3,0
"2018-09-09 17:13:00",721586,5.325,296.2,23.67,52.63,0,280.1,278.6,0
"2018-09-09 17:14:00",721587,4.3,300.8,23.7,53.85,0,276.8,275.4,0
"2018-09-09 17:15:00",721588,3.5,308.9,23.68,54.29,0,273.1,271.5,0
"2018-09-09 17:16:00",721589,3.487,300.7,23.73,54.39,0,268.6,267,0
"2018-09-09 17:17:00",721590,4.6,290.3,23.78,53.51,0,265.2,263.5,0
"2018-09-09 17:18:00",721591,3.65,285.6,23.82,54.12,0,261.6,260,0
"2018-09-09 17:19:00",721592,3.675,294.6,23.9,54.36,0,257.7,256,0
"2018-09-09 17:20:00",721593,3.15,271.3,24.03,52.7,0,254,252.2,0
"2018-09-09 17:21:00",721594,4.037,270.8,24.17,54.15,0,249.7,248.1,0
"2018-09-09 17:22:00",721595,3.012,285,24.24,53.07,0,246.3,244.6,0
"2018-09-09 17:23:00",721596,5.775,295.8,24.29,51.56,0,242.4,241.3,0
"2018-09-09 17:24:00",721597,5.175,285.9,23.98,53.31,0,238.6,237.8,0
"2018-09-09 17:25:00",721598,5.038,296.1,23.8,53.82,0,234.4,233.7,0
"2018-09-09 17:26:00",721599,4.812,293.9,23.68,53.62,0,230.4,229.7,0
"2018-09-09 17:27:00",721600,4.275,285,23.66,54.12,0,226.1,225.4,0
"2018-09-09 17:28:00",721601,5.688,291.5,23.67,53.11,0,222.2,221.6,0
"2018-09-09 17:29:00",721602,4.963,291.8,23.65,53.15,0,218.9,218.3,0
"2018-09-09 17:30:00",721603,5.488,295.4,23.62,53.05,0,215.7,215.3,0
"2018-09-09 17:31:00",721604,5.5,296.7,23.55,54.31,0,212.2,211.9,0
"2018-09-09 17:32:00",721605,4.562,292.9,23.5,54.58,0,208.4,207.7,0
"2018-09-09 17:33:00",721606,3.987,292,23.54,54.65,0,204.7,204,0
"2018-09-09 17:34:00",721607,5.175,292.1,23.57,53.71,0,200.9,200.3,0
"2018-09-09 17:35:00",721608,5.888,294.9,23.55,53.03,0,197.7,197.3,0
"2018-09-09 17:36:00",721609,6.4,296,23.44,52.85,0,194.7,194.4,0
"2018-09-09 17:37:00",721610,5.113,290.8,23.37,53.17,0,191.4,191,0
"2018-09-09 17:38:00",721611,5.375,289.8,23.39,53.68,0,187.3,186.8,0
"2018-09-09 17:39:00",721612,5.813,290.9,23.4,53.2,0,183.9,183.4,0
"2018-09-09 17:40:00",721613,5.875,295.3,23.37,54.15,0,179.8,179.4,0
"2018-09-09 17:41:00",721614,5,289.2,23.34,55.13,0,177,176.6,0
"2018-09-09 17:42:00",721615,4.938,298.7,23.32,53.49,0,173.4,172.9,0
"2018-09-09 17:43:00",721616,4.825,291.5,23.31,54.12,0,170,169.6,0
"2018-09-09 17:44:00",721617,4.637,295.4,23.31,54.18,0,167.8,167.3,0
"2018-09-09 17:45:00",721618,3.85,296,23.33,54.35,0,164.1,163.5,0
"2018-09-09 17:46:00",721619,3.925,298.1,23.34,53.91,0,160.4,159.7,0
"2018-09-09 17:47:00",721620,4.7,300.5,23.35,53.09,0,156.7,156,0
"2018-09-09 17:48:00",721621,4.625,295.5,23.32,52.68,0,153.3,152.7,0
"2018-09-09 17:49:00",721622,5.238,292.3,23.31,52.28,0,150,149.4,0
"2018-09-09 17:50:00",721623,5.5,295.2,23.27,53.12,0,146.6,146,0
"2018-09-09 17:51:00",721624,4,289.8,23.22,54.07,0,143.8,143.2,0
"2018-09-09 17:52:00",721625,3.6,286.2,23.23,52.95,0,140.4,139.4,0
"2018-09-09 17:53:00",721626,4.975,289.8,23.28,52.99,0,136.3,135.4,0
"2018-09-09 17:54:00",721627,4.925,292.2,23.29,52.62,0,133.4,132.6,0
"2018-09-09 17:55:00",721628,4.838,293.7,23.24,53.49,0,130.9,130.2,0
"2018-09-09 17:56:00",721629,4.912,294,23.19,52.75,0,127.6,126.8,0
"2018-09-09 17:57:00",721630,4.837,286.8,23.16,52.89,0,124.1,123.4,0
"2018-09-09 17:58:00",721631,4.087,292.1,23.15,54.12,0,121.1,120.5,0
"2018-09-09 17:59:00",721632,3.687,290.3,23.15,53.46,0,117.9,117.2,0
"2018-09-09 18:00:00",721633,3.637,280.3,23.16,53.63,0,114.8,114.1,0
"2018-09-09 18:01:00",721634,3.437,292.7,23.22,52.31,0,111.1,110.6,0
"2018-09-09 18:02:00",721635,3.162,280,23.23,52.62,0,107.7,107.1,0
"2018-09-09 18:03:00",721636,2.8,287.5,23.26,53.46,0,104.5,103.9,0
"2018-09-09 18:04:00",721637,3.1,273.2,23.31,52.82,0,100.6,100.1,0
"2018-09-09 18:05:00",721638,3.175,262.6,23.31,52.75,0,97.2,96.8,0
"2018-09-09 18:06:00",721639,3.512,292.8,23.3,52.51,0,94.5,94.2,0
"2018-09-09 18:07:00",721640,2.7,287.2,23.26,52.92,0,91.9,91.6,0
"2018-09-09 18:08:00",721641,2.7,280.9,23.27,52.99,0,88.5,88.1,0
"2018-09-09 18:09:00",721642,4.087,289.9,23.26,52.13,0,84.9,84.7,0
"2018-09-09 18:10:00",721643,3.312,268.8,23.17,52.41,0,81.8,81.6,0
"2018-09-09 18:11:00",721644,3.9,288.6,23.15,50.83,0,78.84,78.74,0
"2018-09-09 18:12:00",721645,3.95,292.7,23.09,50.96,0,76,75.95,0
"2018-09-09 18:13:00",721646,4.287,287.2,23.03,50.32,0,73.1,73.07,0
"2018-09-09 18:14:00",721647,3.95,292.4,22.97,48.94,0,70.19,70.11,0
"2018-09-09 18:15:00",721648,4.462,292.1,22.95,48.6,0,67.42,67.35,0
"2018-09-09 18:16:00",721649,3.7,285.9,22.87,49.17,0,64.73,64.64,0
"2018-09-09 18:17:00",721650,3.837,281.9,22.87,48.94,0,62,61.89,0
"2018-09-09 18:18:00",721651,2.962,270.4,22.86,50.25,0,59.27,59.21,0
"2018-09-09 18:19:00",721652,3.225,284.4,22.83,49.38,0,56.58,56.5,0
"2018-09-09 18:20:00",721653,4.312,291.9,22.8,49.34,0,53.93,54,0
"2018-09-09 18:21:00",721654,3.737,296.7,22.75,49.07,0,51.61,51.63,0
"2018-09-09 18:22:00",721655,2.662,288.9,22.73,49.04,0,49.05,49.12,0
"2018-09-09 18:23:00",721656,2.912,283.9,22.69,49.75,0,46.54,46.52,0
"2018-09-09 18:24:00",721657,2.625,287.3,22.69,49.6,0,43.76,43.78,0
"2018-09-09 18:25:00",721658,3.825,296.4,22.69,48.45,0,41.08,41.17,0
"2018-09-09 18:26:00",721659,3.325,292.2,22.65,49.16,0,38.71,38.86,0
"2018-09-09 18:27:00",721660,3.537,293.7,22.59,50.04,0,36.38,36.48,0
"2018-09-09 18:28:00",721661,3.312,286.9,22.55,50.28,0,34.07,34.13,0
"2018-09-09 18:29:00",721662,2.097,270,22.52,50.68,0,31.54,31.54,0
"2018-09-09 18:30:00",721663,2.575,281.7,22.51,50.24,0,28.92,28.96,0
"2018-09-09 18:31:00",721664,2.812,275.8,22.5,51.05,0,26.6,26.69,0
"2018-09-09 18:32:00",721665,2.65,285,22.46,50.34,0,24.6,24.76,0
"2018-09-09 18:33:00",721666,2.397,274,22.4,50.61,0,22.53,22.83,0
"2018-09-09 18:34:00",721667,2.5,276.2,22.33,48.72,0,20.55,20.88,0
"2018-09-09 18:35:00",721668,3.025,284.8,22.29,47.81,0,18.6,19.03,0
"2018-09-09 18:36:00",721669,2.737,294.4,22.26,48.66,0,16.59,17.07,0
"2018-09-09 18:37:00",721670,3.6,295.7,22.24,47.91,0,14.31,14.83,0
"2018-09-09 18:38:00",721671,2.9,285.5,22.24,49.2,0,10.99,11.37,0
"2018-09-09 18:39:00",721672,2.237,287.4,22.18,49.28,0,8.26,8.63,0
"2018-09-09 18:40:00",721673,2.212,278.4,22.15,50.11,0,7.237,7.727,0
"2018-09-09 18:41:00",721674,2.675,291.2,22.11,50.26,0,6.458,6.926,0
"2018-09-09 18:42:00",721675,2.85,281.5,22.04,50.69,0,5.727,6.235,0
"2018-09-09 18:43:00",721676,2.825,290.9,22,51.3,0,5.408,5.624,0
"2018-09-09 18:44:00",721677,2.937,291.9,21.94,50.55,0,4.895,4.965,0
"2018-09-09 18:45:00",721678,2.437,287.9,21.9,50.86,0,4.304,4.354,0
"2018-09-09 18:46:00",721679,2.137,276.5,21.87,51.06,0,3.572,3.943,0
"2018-09-09 18:47:00",721680,2.2,279.3,21.84,50.3,0,2.833,3.242,0
"2018-09-09 18:48:00",721681,2.3,280.1,21.81,50.57,0,2.142,2.577,0
"2018-09-09 18:49:00",721682,2.262,280.1,21.76,50.83,0,1.676,2.024,0
"2018-09-09 18:50:00",721683,2.612,279,21.73,51.06,0,1.197,1.534,0
"2018-09-09 18:51:00",721684,2.225,281.7,21.72,51.3,0,0.14,0,0
"2018-09-09 18:52:00",721685,3.025,288,21.69,51.28,0,0,0,0
"2018-09-09 18:53:00",721686,2.212,288.7,21.69,51.57,0,0,0,0
"2018-09-09 18:54:00",721687,2.6,292.4,21.65,51.62,0,0,0,0
"2018-09-09 18:55:00",721688,2,282.4,21.62,51.99,0,0,0,0
"2018-09-09 18:56:00",721689,2.662,296.1,21.63,51.89,0,0,0,0
"2018-09-09 18:57:00",721690,2.712,291.8,21.61,51.89,0,0,0,0
"2018-09-09 18:58:00",721691,2.775,281.3,21.6,52.36,0,0,0,0
"2018-09-09 18:59:00",721692,2.55,289.1,21.58,52.63,0,0,0,0
"2018-09-09 19:00:00",721693,2.15,284.4,21.57,52.94,0,0,0,0
"2018-09-09 19:01:00",721694,2.862,283.2,21.55,52.7,0,0,0,0
"2018-09-09 19:02:00",721695,2.85,292.3,21.52,52.87,0,0,0,0
"2018-09-09 19:03:00",721696,2.712,290.5,21.5,53.51,0,0,0,0
"2018-09-09 19:04:00",721697,2.337,271.1,21.5,53.81,0,0,0,0
"2018-09-09 19:05:00",721698,1.709,268.3,21.48,54.52,0,0,0,0
"2018-09-09 19:06:00",721699,1.659,262.9,21.45,54.96,0,0,0,0
"2018-09-09 19:07:00",721700,2.097,279.7,21.42,55.03,0,0,0,0
"2018-09-09 19:08:00",721701,1.139,256,21.39,55.67,0,0,0,0
"2018-09-09 19:09:00",721702,1.784,268.1,21.34,55.71,0,0,0,0
"2018-09-09 19:10:00",721703,1.95,275.9,21.29,55.06,0,0,0,0
"2018-09-09 19:11:00",721704,1.506,268.1,21.27,55.6,0,0,0,0
"2018-09-09 19:12:00",721705,1.253,276.8,21.27,55.87,0,0,0,0
"2018-09-09 19:13:00",721706,1.825,271.4,21.25,56.62,0,0,0,0
"2018-09-09 19:14:00",721707,1.257,280.4,21.21,56.85,0,0,0,0
"2018-09-09 19:15:00",721708,2,265.8,21.17,57.12,0,0,0,0
"2018-09-09 19:16:00",721709,1.847,279.8,21.15,57.6,0,0,0,0
"2018-09-09 19:17:00",721710,1.909,269.6,21.13,57.6,0,0,0,0
"2018-09-09 19:18:00",721711,0.985,282.9,21.13,57.9,0,0,0,0
"2018-09-09 19:19:00",721712,2.025,278.4,21.14,58.17,0,0,0,0
"2018-09-09 19:20:00",721713,2.15,279.5,21.15,58.44,0,0,0,0
"2018-09-09 19:21:00",721714,2.475,288,21.14,58.41,0,0,0,0
"2018-09-09 19:22:00",721715,1.023,261,21.13,59.18,0,0,0,0
"2018-09-09 19:23:00",721716,1.102,248.6,21.09,59.69,0,0,0,0
"2018-09-09 19:24:00",721717,0.702,252.6,21.04,60.23,0,0,0,0
"2018-09-09 19:25:00",721718,0.633,263.4,21,60.3,0,0,0,0
"2018-09-09 19:26:00",721719,0.933,268.7,20.96,60.4,0,0,0,0
"2018-09-09 19:27:00",721720,0.838,269.8,20.93,60.3,0,0,0,0
"2018-09-09 19:28:00",721721,1.098,266.3,20.89,60.5,0,0,0,0
"2018-09-09 19:29:00",721722,1.069,267.5,20.86,60.67,0,0,0,0
"2018-09-09 19:30:00",721723,0.487,289.7,20.85,61.08,0,0,0,0
"2018-09-09 19:31:00",721724,0.603,275.1,20.82,61.41,0,0,0,0
"2018-09-09 19:32:00",721725,1.687,273.9,20.79,61.14,0,0,0,0
"2018-09-09 19:33:00",721726,2.162,273.8,20.78,61.31,0,0,0,0
"2018-09-09 19:34:00",721727,2.35,279.2,20.77,61.21,0,0,0,0
"2018-09-09 19:35:00",721728,1.987,275.9,20.79,60.97,0,0,0,0
"2018-09-09 19:36:00",721729,1.3,279,20.81,61.04,0,0,0,0
"2018-09-09 19:37:00",721730,0.968,270.3,20.83,61.01,0,0,0,0
"2018-09-09 19:38:00",721731,1.571,269.3,20.81,61.28,0,0,0,0
"2018-09-09 19:39:00",721732,2,256.6,20.8,61.52,0,0,0,0
"2018-09-09 19:40:00",721733,0.394,270.4,20.81,61.91,0,0,0,0
"2018-09-09 19:41:00",721734,0.652,257.3,20.77,61.96,0,0,0,0
"2018-09-09 19:42:00",721735,1.043,245.8,20.72,62.37,0,0,0,0
"2018-09-09 19:43:00",721736,0.427,261.1,20.68,62.44,0,0,0,0
"2018-09-09 19:44:00",721737,0.563,240.6,20.62,62.77,0,0,0,0
"2018-09-09 19:45:00",721738,1.562,252.8,20.56,63.35,0,0,0,0
"2018-09-09 19:46:00",721739,0.393,251.6,20.47,63.65,0,0,0,0
"2018-09-09 19:47:00",721740,0.5,270.6,20.39,63.93,0,0,0,0
"2018-09-09 19:48:00",721741,0.25,265.1,20.34,64.13,0,0,0,0
"2018-09-09 19:49:00",721742,0.458,253.6,20.31,64.47,0,0,0,0
"2018-09-09 19:50:00",721743,1.153,259,20.3,63.96,0,0,0,0
"2018-09-09 19:51:00",721744,0.664,267.9,20.31,64.23,0,0,0,0
"2018-09-09 19:52:00",721745,0.408,248.4,20.32,64.33,0,0,0,0
"2018-09-09 19:53:00",721746,0,0,20.31,64.57,0,0,0,0
"2018-09-09 19:54:00",721747,0.702,256.4,20.29,64.88,0,0,0,0
"2018-09-09 19:55:00",721748,0.449,259.8,20.28,64.64,0,0,0,0
"2018-09-09 19:56:00",721749,1.55,250.9,20.29,64.88,0,0,0,0
"2018-09-09 19:57:00",721750,1.159,259.7,20.28,65.15,0,0,0,0
"2018-09-09 19:58:00",721751,0.866,247.3,20.26,65.38,0,0,0,0
"2018-09-09 19:59:00",721752,0.174,261.6,20.22,65.15,0,0,0,0
"2018-09-09 20:00:00",721753,0.142,278.7,20.17,65.65,0,0,0,0
"2018-09-09 20:01:00",721754,0.891,244.9,20.11,65.52,0,0,0,0
"2018-09-09 20:02:00",721755,1.158,264.1,20.09,65.25,0,0,0,0
"2018-09-09 20:03:00",721756,1.153,264.1,20.11,65.35,0,0,0,0
"2018-09-09 20:04:00",721757,0.231,287.4,20.14,64.71,0,0,0,0
"2018-09-09 20:05:00",721758,0.319,268.5,20.11,65.18,0,0,0,0
"2018-09-09 20:06:00",721759,0.875,262,20.07,65.45,0,0,0,0
"2018-09-09 20:07:00",721760,0.917,262.3,20.04,65.82,0,0,0,0
"2018-09-09 20:08:00",721761,1.068,257.7,20.03,65.72,0,0,0,0
"2018-09-09 20:09:00",721762,1.117,247.7,20.05,65.48,0,0,0,0
"2018-09-09 20:10:00",721763,1.337,257.3,20.03,65.69,0,0,0,0
"2018-09-09 20:11:00",721764,1.213,265.4,20.04,65.52,0,0,0,0
"2018-09-09 20:12:00",721765,0.93,267.2,20.03,65.42,0,0,0,0
"2018-09-09 20:13:00",721766,0.645,258.4,20.05,65.35,0,0,0,0
"2018-09-09 20:14:00",721767,1.046,252.8,20.05,65.55,0,0,0,0
"2018-09-09 20:15:00",721768,1.238,245.6,20.02,65.52,0,0,0,0
"2018-09-09 20:16:00",721769,1.3,251.2,20.01,65.48,0,0,0,0
"2018-09-09 20:17:00",721770,0.658,246.2,20.03,65.27,0,0,0,0
"2018-09-09 20:18:00",721771,0.743,241,20.06,65.16,0,0,0,0
"2018-09-09 20:19:00",721772,0.548,263.6,20.07,64.86,0,0,0,0
"2018-09-09 20:20:00",721773,0,0,20.09,64.96,0,0,0,0
"2018-09-09 20:21:00",721774,0,0,20.07,64.9,0,0,0,0
"2018-09-09 20:22:00",721775,0,0,20.05,65.25,0,0,0,0
"2018-09-09 20:23:00",721776,0,0,20.03,65.42,0,0,0,0
"2018-09-09 20:24:00",721777,0,0,19.98,65.83,0,0,0,0
"2018-09-09 20:25:00",721778,0.345,253.1,19.95,66.13,0,0,0,0
"2018-09-09 20:26:00",721779,0.468,242.6,19.95,66.03,0,0,0,0
"2018-09-09 20:27:00",721780,0.629,248,19.98,66.23,0,0,0,0
"2018-09-09 20:28:00",721781,0.528,266.6,19.98,66.13,0,0,0,0
"2018-09-09 20:29:00",721782,1.079,224.4,19.99,66.13,0,0,0,0
"2018-09-09 20:30:00",721783,1.375,239.4,20.04,65.36,0,0,0,0
"2018-09-09 20:31:00",721784,1.247,234,20.2,64.75,0,0,0,0
"2018-09-09 20:32:00",721785,0.604,244.7,20.3,65.22,0,0,0,0
"2018-09-09 20:33:00",721786,1.02,206.4,20.35,64.31,0,0,0,0
"2018-09-09 20:34:00",721787,1.135,235.7,20.44,63.92,0,0,0,0
"2018-09-09 20:35:00",721788,1.359,214.7,20.53,63.45,0,0,0,0
"2018-09-09 20:36:00",721789,0.994,236.4,20.59,63.32,0,0,0,0
"2018-09-09 20:37:00",721790,1.862,246.3,20.61,63.55,0,0,0,0
"2018-09-09 20:38:00",721791,1.073,232,20.63,62.4,0,0,0,0
"2018-09-09 20:39:00",721792,1.28,250.6,20.67,63.08,0,0,0,0
"2018-09-09 20:40:00",721793,1.07,241.6,20.68,62.94,0,0,0,0
"2018-09-09 20:41:00",721794,1.409,200.2,20.65,62.57,0,0,0,0
"2018-09-09 20:42:00",721795,0.424,227,20.66,62.07,0,0,0,0
"2018-09-09 20:43:00",721796,1.189,202.6,20.72,61.83,0,0,0,0
"2018-09-09 20:44:00",721797,0.922,209.4,20.75,62.03,0,0,0,0
"2018-09-09 20:45:00",721798,1.009,263.3,20.77,61.98,0,0,0,0
"2018-09-09 20:46:00",721799,1.06,232,20.78,62.66,0,0,0,0
"2018-09-09 20:47:00",721800,2.525,223.2,20.72,62.66,0,0,0,0
"2018-09-09 20:48:00",721801,2.037,224.2,20.73,62.59,0,0,0,0
"2018-09-09 20:49:00",721802,1.508,227.2,20.75,62.41,0,0,0,0
"2018-09-09 20:50:00",721803,2.025,255.6,20.76,62.71,0,0,0,0
"2018-09-09 20:51:00",721804,1.402,246.2,20.78,63.22,0,0,0,0
"2018-09-09 20:52:00",721805,1.108,214.4,20.73,62.57,0,0,0,0
"2018-09-09 20:53:00",721806,1.675,245.9,20.75,62.41,0,0,0,0
"2018-09-09 20:54:00",721807,1.602,242.9,20.8,62.47,0,0,0,0
"2018-09-09 20:55:00",721808,1.562,256.4,20.82,62.71,0,0,0,0
"2018-09-09 20:56:00",721809,1.662,247.6,20.85,62.37,0,0,0,0
"2018-09-09 20:57:00",721810,1.422,211.3,20.85,62.13,0,0,0,0
"2018-09-09 20:58:00",721811,0.708,214.4,20.88,61.97,0,0,0,0
"2018-09-09 20:59:00",721812,1.168,208.3,20.9,62.54,0,0,0,0
"2018-09-09 21:00:00",721813,2.04,194.1,20.89,62.42,0,0,0,0
"2018-09-09 21:01:00",721814,2.212,180.2,20.89,62.63,0,0,0,0
"2018-09-09 21:02:00",721815,1.057,211.7,20.82,63.37,0,0,0,0
"2018-09-09 21:03:00",721816,1.036,247.1,20.74,63.47,0,0,0,0
"2018-09-09 21:04:00",721817,0.97,239.6,20.71,63.81,0,0,0,0
"2018-09-09 21:05:00",721818,1.111,233.8,20.7,63.77,0,0,0,0
"2018-09-09 21:06:00",721819,1.412,244.9,20.66,64.16,0,0,0,0
"2018-09-09 21:07:00",721820,1.5,239.7,20.59,64.64,0,0,0,0
"2018-09-09 21:08:00",721821,1.65,232.8,20.55,64.43,0,0,0,0
"2018-09-09 21:09:00",721822,0.943,255.9,20.56,64.63,0,0,0,0
"2018-09-09 21:10:00",721823,0.354,248.8,20.55,64.63,0,0,0,0
"2018-09-09 21:11:00",721824,0.833,234.1,20.53,65.21,0,0,0,0
"2018-09-09 21:12:00",721825,0.231,231.1,20.5,65.28,0,0,0,0
"2018-09-09 21:13:00",721826,0.674,246.2,20.48,65.61,0,0,0,0
"2018-09-09 21:14:00",721827,1.125,236.7,20.43,66.26,0,0,0,0
"2018-09-09 21:15:00",721828,0.222,230.2,20.37,66.22,0,0,0,0
"2018-09-09 21:16:00",721829,0.377,245.1,20.33,66.53,0,0,0,0
"2018-09-09 21:17:00",721830,0.317,240.7,20.3,66.73,0,0,0,0
"2018-09-09 21:18:00",721831,0,0,20.24,66.59,0,0,0,0
"2018-09-09 21:19:00",721832,0.202,229.7,20.18,67.2,0,0,0,0
"2018-09-09 21:20:00",721833,0.111,235.6,20.11,67.1,0,0,0,0
"2018-09-09 21:21:00",721834,0.111,264.5,20.05,67.1,0,0,0,0
"2018-09-09 21:22:00",721835,0.222,253.4,20.02,67.15,0,0,0,0
"2018-09-09 21:23:00",721836,0.761,254.6,19.98,68.3,0,0,0,0
"2018-09-09 21:24:00",721837,0.633,217,19.92,67.71,0,0,0,0
"2018-09-09 21:25:00",721838,0.937,265.7,19.89,67.51,0,0,0,0
"2018-09-09 21:26:00",721839,0.048,275.3,19.88,67.67,0,0,0,0
"2018-09-09 21:27:00",721840,0.206,269.2,19.88,68.08,0,0,0,0
"2018-09-09 21:28:00",721841,0,0,19.84,67.74,0,0,0,0
"2018-09-09 21:29:00",721842,0,0,19.8,67.74,0,0,0,0
"2018-09-09 21:30:00",721843,0,0,19.8,67.71,0,0,0,0
"2018-09-09 21:31:00",721844,0.731,250.1,19.81,67.44,0,0,0,0
"2018-09-09 21:32:00",721845,0.851,237.9,19.8,68.01,0,0,0,0
"2018-09-09 21:33:00",721846,0.142,254.4,19.75,68.42,0,0,0,0
"2018-09-09 21:34:00",721847,0.174,218.6,19.7,68.59,0,0,0,0
"2018-09-09 21:35:00",721848,0.348,194.4,19.71,68.15,0,0,0,0
"2018-09-09 21:36:00",721849,0.079,274.2,19.7,68.34,0,0,0,0
"2018-09-09 21:37:00",721850,0.095,190.8,19.72,68.27,0,0,0,0
"2018-09-09 21:38:00",721851,0.206,187.7,19.72,67.63,0,0,0,0
"2018-09-09 21:39:00",721852,0,0,19.76,67.39,0,0,0,0
"2018-09-09 21:40:00",721853,0,0,19.81,67.53,0,0,0,0
"2018-09-09 21:41:00",721854,0,0,19.8,67.46,0,0,0,0
"2018-09-09 21:42:00",721855,0,0,19.8,67.73,0,0,0,0
"2018-09-09 21:43:00",721856,0,0,19.8,68.07,0,0,0,0
"2018-09-09 21:44:00",721857,0.951,187.3,19.81,67.97,0,0,0,0
"2018-09-09 21:45:00",721858,0.794,219.5,19.78,67.7,0,0,0,0
"2018-09-09 21:46:00",721859,0.032,243.4,19.81,67.56,0,0,0,0
"2018-09-09 21:47:00",721860,0,0,19.8,68.04,0,0,0,0
"2018-09-09 21:48:00",721861,0.032,226.6,19.76,68.17,0,0,0,0
"2018-09-09 21:49:00",721862,0.24,188.5,19.74,68.44,0,0,0,0
"2018-09-09 21:50:00",721863,0.435,188.5,19.7,67.94,0,0,0,0
"2018-09-09 21:51:00",721864,0.253,274.9,19.7,68.75,0,0,0,0
"2018-09-09 21:52:00",721865,0,0,19.67,68.99,0,0,0,0
"2018-09-09 21:53:00",721866,0,0,19.62,69.15,0,0,0,0
"2018-09-09 21:54:00",721867,0.247,204,19.57,69.19,0,0,0,0
"2018-09-09 21:55:00",721868,0.285,195.4,19.56,68.68,0,0,0,0
"2018-09-09 21:56:00",721869,0.459,180.6,19.65,68.04,0,0,0,0
"2018-09-09 21:57:00",721870,0.338,177.6,19.73,68.24,0,0,0,0
"2018-09-09 21:58:00",721871,0,0,19.74,68.51,0,0,0,0
"2018-09-09 21:59:00",721872,0,0,19.72,68.68,0,0,0,0
"2018-09-09 22:00:00",721873,0,0,19.67,68.88,0,0,0,0
"2018-09-09 22:01:00",721874,0,0,19.62,69.29,0,0,0,0
"2018-09-09 22:02:00",721875,0,0,19.58,69.63,0,0,0,0
"2018-09-09 22:03:00",721876,0,0,19.53,70.27,0,0,0,0
"2018-09-09 22:04:00",721877,0,0,19.44,71.42,0,0,0,0
"2018-09-09 22:05:00",721878,0,0,19.24,72.91,0,0,0,0
"2018-09-09 22:06:00",721879,0,0,19.06,73.92,0,0,0,0
"2018-09-09 22:07:00",721880,0,0,18.92,74.24,0,0,0,0
"2018-09-09 22:08:00",721881,0,0,18.83,74.17,0,0,0,0
"2018-09-09 22:09:00",721882,0,0,18.79,74.31,0,0,0,0
"2018-09-09 22:10:00",721883,0,0,18.75,74.71,0,0,0,0
"2018-09-09 22:11:00",721884,0,0,18.72,74.81,0,0,0,0
"2018-09-09 22:12:00",721885,0,0,18.68,75.02,0,0,0,0
"2018-09-09 22:13:00",721886,0,0,18.64,75.32,0,0,0,0
"2018-09-09 22:14:00",721887,0,0,18.62,74.92,0,0,0,0
"2018-09-09 22:15:00",721888,0,0,18.6,74.98,0,0,0,0
"2018-09-09 22:16:00",721889,0,0,18.61,74.65,0,0,0,0
"2018-09-09 22:17:00",721890,0,0,18.7,73.8,0,0,0,0
"2018-09-09 22:18:00",721891,0,0,18.82,73.33,0,0,0,0
"2018-09-09 22:19:00",721892,0,0,18.88,72.79,0,0,0,0
"2018-09-09 22:20:00",721893,0,0,18.93,72.25,0,0,0,0
"2018-09-09 22:21:00",721894,0,0,18.96,72.01,0,0,0,0
"2018-09-09 22:22:00",721895,0,0,19.03,71.77,0,0,0,0
"2018-09-09 22:23:00",721896,0,0,19.02,72.04,0,0,0,0
"2018-09-09 22:24:00",721897,0,0,18.97,72.4,0,0,0,0
"2018-09-09 22:25:00",721898,0,0,18.95,72.57,0,0,0,0
"2018-09-09 22:26:00",721899,0,0,18.93,73.07,0,0,0,0
"2018-09-09 22:27:00",721900,0,0,18.91,73.21,0,0,0,0
"2018-09-09 22:28:00",721901,0,0,18.89,73.41,0,0,0,0
"2018-09-09 22:29:00",721902,0,0,18.86,73.92,0,0,0,0
"2018-09-09 22:30:00",721903,0,0,18.78,75.12,0,0,0,0
"2018-09-09 22:31:00",721904,0,0,18.67,76.11,0,0,0,0
"2018-09-09 22:32:00",721905,0,0,18.51,76.93,0,0,0,0
"2018-09-09 22:33:00",721906,0.111,113.9,18.39,77.67,0,0,0,0
"2018-09-09 22:34:00",721907,0,0,18.26,78.31,0,0,0,0
"2018-09-09 22:35:00",721908,0,0,18.17,78.75,0,0,0,0
"2018-09-09 22:36:00",721909,0,0,18.12,79.02,0,0,0,0
"2018-09-09 22:37:00",721910,0,0,18.09,79.05,0,0,0,0
"2018-09-09 22:38:00",721911,0,0,18.06,79.32,0,0,0,0
"2018-09-09 22:39:00",721912,0,0,18.04,79.53,0,0,0,0
"2018-09-09 22:40:00",721913,0,0,18.02,79.53,0,0,0,0
"2018-09-09 22:41:00",721914,0,0,17.98,79.59,0,0,0,0
"2018-09-09 22:42:00",721915,0,0,17.94,79.88,0,0,0,0
"2018-09-09 22:43:00",721916,0,0,17.89,80.2,0,0,0,0
"2018-09-09 22:44:00",721917,0.744,92.9,17.85,80.4,0,0,0,0
"2018-09-09 22:45:00",721918,0.56,94.8,17.8,80.5,0,0,0,0
"2018-09-09 22:46:00",721919,0.749,85.4,17.73,80.8,0,0,0,0
"2018-09-09 22:47:00",721920,0,0,17.68,80.9,0,0,0,0
"2018-09-09 22:48:00",721921,0,0,17.64,80.9,0,0,0,0
"2018-09-09 22:49:00",721922,0,0,17.63,81.1,0,0,0,0
"2018-09-09 22:50:00",721923,0,0,17.62,81.1,0,0,0,0
"2018-09-09 22:51:00",721924,0,0,17.62,81.1,0,0,0,0
"2018-09-09 22:52:00",721925,0,0,17.6,81.2,0,0,0,0
"2018-09-09 22:53:00",721926,0,0,17.6,81.2,0,0,0,0
"2018-09-09 22:54:00",721927,0,0,17.59,81.2,0,0,0,0
"2018-09-09 22:55:00",721928,0,0,17.57,81.5,0,0,0,0
"2018-09-09 22:56:00",721929,0,0,17.55,81.6,0,0,0,0
"2018-09-09 22:57:00",721930,0,0,17.55,81.9,0,0,0,0
"2018-09-09 22:58:00",721931,0,0,17.52,81.9,0,0,0,0
"2018-09-09 22:59:00",721932,0,0,17.53,81.9,0,0,0,0
"2018-09-09 23:00:00",721933,0,0,17.55,82,0,0,0,0
"2018-09-09 23:01:00",721934,0,0,17.53,81.9,0,0,0,0
"2018-09-09 23:02:00",721935,0,0,17.53,82.1,0,0,0,0
"2018-09-09 23:03:00",721936,0,0,17.52,82.3,0,0,0,0
"2018-09-09 23:04:00",721937,0,0,17.5,82.2,0,0,0,0
"2018-09-09 23:05:00",721938,0,0,17.51,82.2,0,0,0,0
"2018-09-09 23:06:00",721939,0,0,17.53,82.1,0,0,0,0
"2018-09-09 23:07:00",721940,0,0,17.52,82,0,0,0,0
"2018-09-09 23:08:00",721941,0,0,17.53,82,0,0,0,0
"2018-09-09 23:09:00",721942,0,0,17.53,82.2,0,0,0,0
"2018-09-09 23:10:00",721943,0,0,17.53,82.1,0,0,0,0
"2018-09-09 23:11:00",721944,0,0,17.53,82.2,0,0,0,0
"2018-09-09 23:12:00",721945,0,0,17.51,82.4,0,0,0,0
"2018-09-09 23:13:00",721946,0,0,17.46,82.8,0,0,0,0
"2018-09-09 23:14:00",721947,0,0,17.42,82.9,0,0,0,0
"2018-09-09 23:15:00",721948,0,0,17.41,83.1,0,0,0,0
"2018-09-09 23:16:00",721949,0.269,96.4,17.39,83,0,0,0,0
"2018-09-09 23:17:00",721950,0.158,79.89,17.37,83,0,0,0,0
"2018-09-09 23:18:00",721951,0.301,102.1,17.31,83.2,0,0,0,0
"2018-09-09 23:19:00",721952,0.507,83.9,17.25,83.6,0,0,0,0
"2018-09-09 23:20:00",721953,0.918,75.88,17.19,83.9,0,0,0,0
"2018-09-09 23:21:00",721954,0.519,74.25,17.15,84.2,0,0,0,0
"2018-09-09 23:22:00",721955,0.823,91.4,17.11,84.4,0,0,0,0
"2018-09-09 23:23:00",721956,0.491,90,17.06,84.5,0,0,0,0
"2018-09-09 23:24:00",721957,0.301,81.2,17.04,84.6,0,0,0,0
"2018-09-09 23:25:00",721958,0.744,77.17,17.01,84.8,0,0,0,0
"2018-09-09 23:26:00",721959,0.348,80.1,17.02,84.8,0,0,0,0
"2018-09-09 23:27:00",721960,0,0,17.03,84.5,0,0,0,0
"2018-09-09 23:28:00",721961,0,0,17.06,84.3,0,0,0,0
"2018-09-09 23:29:00",721962,0,0,17.06,84.4,0,0,0,0
"2018-09-09 23:30:00",721963,0,0,17.07,84.4,0,0,0,0
"2018-09-09 23:31:00",721964,0.048,90.8,17.09,84.5,0,0,0,0
"2018-09-09 23:32:00",721965,0.317,81.4,17.12,84.5,0,0,0,0
"2018-09-09 23:33:00",721966,0.633,86.5,17.11,84.5,0,0,0,0
"2018-09-09 23:34:00",721967,0.19,98.4,17.09,84.6,0,0,0,0
"2018-09-09 23:35:00",721968,0.586,90.4,17.06,84.8,0,0,0,0
"2018-09-09 23:36:00",721969,0.428,80.1,17.04,85,0,0,0,0
"2018-09-09 23:37:00",721970,0.412,77.73,17.01,85.2,0,0,0,0
"2018-09-09 23:38:00",721971,0.614,85,17.01,85.2,0,0,0,0
"2018-09-09 23:39:00",721972,0.93,87.5,17.02,85.1,0,0,0,0
"2018-09-09 23:40:00",721973,0.548,103.7,17.02,84.9,0,0,0,0
"2018-09-09 23:41:00",721974,0.142,108.1,17.02,84.9,0,0,0,0
"2018-09-09 23:42:00",721975,0.785,61.75,17.01,85,0,0,0,0
"2018-09-09 23:43:00",721976,0.348,93.3,16.99,85.2,0,0,0,0
"2018-09-09 23:44:00",721977,0.269,102.1,16.97,85.1,0,0,0,0
"2018-09-09 23:45:00",721978,0,0,16.97,85.2,0,0,0,0
"2018-09-09 23:46:00",721979,0,0,16.93,85.6,0,0,0,0
"2018-09-09 23:47:00",721980,0.158,98.5,16.9,85.8,0,0,0,0
"2018-09-09 23:48:00",721981,0.206,98,16.88,86,0,0,0,0
"2018-09-09 23:49:00",721982,0.269,84.8,16.86,86.1,0,0,0,0
"2018-09-09 23:50:00",721983,0.174,73.66,16.86,86.4,0,0,0,0
"2018-09-09 23:51:00",721984,0.649,75.52,16.82,86.4,0,0,0,0
"2018-09-09 23:52:00",721985,0.25,99.3,16.81,86.3,0,0,0,0
"2018-09-09 23:53:00",721986,0.111,103.2,16.79,86.3,0,0,0,0
"2018-09-09 23:54:00",721987,0,0,16.78,86.5,0,0,0,0
"2018-09-09 23:55:00",721988,0,0,16.76,86.7,0,0,0,0
"2018-09-09 23:56:00",721989,0,0,16.76,86.7,0,0,0,0
"2018-09-09 23:57:00",721990,0.048,79.61,16.76,86.6,0,0,0,0
"2018-09-09 23:58:00",721991,0.428,73.38,16.76,86.7,0,0,0,0
"2018-09-09 23:59:00",721992,0.158,116.1,16.75,86.5,0,0,0,0
"2018-09-10 00:00:00",721993,0.079,123.7,16.75,86.5,0,0,0,0
