"TOA5","12191","CR1000","12191","CR1000.Std.31","CPU:BUAN_SOLYS2(161020_1).CR1","4648","min10"
"TIMESTAMP","RECORD","WS_ms_S_WVT","WindDir_D1_WVT","AirTC_Avg","RH","Rain_mm_Tot","HOR_sun_Avg","HOR_shad_Avg","DIRN_Avg"
"TS","RN","","Deg","","","","","",""
"","","WVc","WVc","Avg","Smp","Tot","Avg","Avg","Avg"
"2018-09-09 00:10:00",72053,0.136,92.2,17.5,83.7,0,0,0,0
"2018-09-09 00:20:00",72054,0.235,101.8,17.26,84.9,0,0,0,0
"2018-09-09 00:30:00",72055,0.013,90.7,16.97,85.1,0,0,0,0
"2018-09-09 00:40:00",72056,0.092,89.3,16.82,85.5,0,0,0,0
"2018-09-09 00:50:00",72057,0.369,92.9,16.67,84.2,0,0,0,0
"2018-09-09 01:00:00",72058,0.959,87.2,16.9,82.1,0,0,0,0
"2018-09-09 01:10:00",72059,1.079,76.51,16.97,82.3,0,0,0,0
"2018-09-09 01:20:00",72060,0.818,82.4,16.9,82.3,0,0,0,0
"2018-09-09 01:30:00",72061,1.031,85,16.93,81.9,0,0,0,0
"2018-09-09 01:40:00",72062,0.88,84.6,16.96,81.8,0,0,0,0
"2018-09-09 01:50:00",72063,0.399,85.5,16.99,81.3,0,0,0,0
"2018-09-09 02:00:00",72064,0.499,96.4,16.99,81.7,0,0,0,0
"2018-09-09 02:10:00",72065,1.028,90.4,16.96,79.87,0,0,0,0
"2018-09-09 02:20:00",72066,0.488,101.7,17.29,79.28,0,0,0,0
"2018-09-09 02:30:00",72067,0.575,105,17.3,80.4,0,0,0,0
"2018-09-09 02:40:00",72068,0.767,99.5,17.18,80.9,0,0,0,0
"2018-09-09 02:50:00",72069,1.434,79.04,17.33,78.47,0,0,0,0
"2018-09-09 03:00:00",72070,1.565,83.9,17.69,78.42,0,0,0,0
"2018-09-09 03:10:00",72071,1.212,92,17.59,79.74,0,0,0,0
"2018-09-09 03:20:00",72072,0.924,91.7,17.55,81,0,0,0,0
"2018-09-09 03:30:00",72073,0.744,84.7,17.37,81.4,0,0,0,0
"2018-09-09 03:40:00",72074,0.563,99.2,17.04,84.6,0,0,0,0
"2018-09-09 03:50:00",72075,1.018,84,16.75,86,0,0,0,0
"2018-09-09 04:00:00",72076,0.905,83.8,16.81,85.8,0,0,0,0
"2018-09-09 04:10:00",72077,0.889,79.77,16.59,87,0,0,0,0
"2018-09-09 04:20:00",72078,0.573,85.6,16.5,87.7,0,0,0,0
"2018-09-09 04:30:00",72079,0.65,101.5,16.42,88.5,0,0,0,0
"2018-09-09 04:40:00",72080,0.425,83,16.47,88.1,0,0,0,0
"2018-09-09 04:50:00",72081,0.099,70.66,16.32,88.1,0,0,0,0
"2018-09-09 05:00:00",72082,0.505,61.73,16.18,88.5,0,0,0,0
"2018-09-09 05:10:00",72083,0.18,98.3,16.05,89,0,0,0,0
"2018-09-09 05:20:00",72084,0.032,118.1,15.88,90.2,0,0,0,0
"2018-09-09 05:30:00",72085,0.12,107.2,15.74,90.6,0,0,0,0
"2018-09-09 05:40:00",72086,0.304,111.1,15.42,92.2,0,0,0,0
"2018-09-09 05:50:00",72087,0.333,104.7,15.25,92.6,0,0,0,0
"2018-09-09 06:00:00",72088,0.608,79.46,15.08,93.5,0,0,0,0
"2018-09-09 06:10:00",72089,0.567,78.49,15.29,92.9,0,0.278,0.34,0
"2018-09-09 06:20:00",72090,0.149,67.82,15.28,92.8,0,4.591,4.847,0
"2018-09-09 06:30:00",72091,0.77,87,15.29,92.6,0,17.58,18.55,0
"2018-09-09 06:40:00",72092,0.602,84.6,15.49,91.7,0,35.94,37.18,0
"2018-09-09 06:50:00",72093,1.079,86,15.79,90.2,0,58.31,58.59,0
"2018-09-09 07:00:00",72094,1.619,84.5,16.18,88.2,0,85,77.5,0
"2018-09-09 07:10:00",72095,1.46,80.4,16.96,84.2,0,117.5,113.2,0
"2018-09-09 07:20:00",72096,1.142,85.7,17.83,79.29,0,149.6,172.6,0
"2018-09-09 07:30:00",72097,0.983,83.5,18.8,75.82,0,182.3,200.9,0
"2018-09-09 07:40:00",72098,0.971,84.7,19.28,74.32,0,216.1,210.7,0
"2018-09-09 07:50:00",72099,0.888,84.7,19.87,70.31,0,250.9,251,0
"2018-09-09 08:00:00",72100,1.327,82.5,20.06,71.84,0,284.8,285.5,0
"2018-09-09 08:10:00",72101,1.005,74.31,20.35,69.85,0,321.6,323,0
"2018-09-09 08:20:00",72102,1.6,69.82,20.49,68.23,0,357.7,359.4,0
"2018-09-09 08:30:00",72103,1.846,84,20.56,68.6,0,395.2,397,0
"2018-09-09 08:40:00",72104,0.985,89.4,21.13,65.5,0,431.8,433.3,0
"2018-09-09 08:50:00",72105,0.962,85.2,21.67,63.96,0,467.2,468.5,0
"2018-09-09 09:00:00",72106,1.246,68.67,21.83,65.74,0,501.2,502.6,0
"2018-09-09 09:10:00",72107,1.164,107.9,22.02,64.38,0,534.3,535.3,0
"2018-09-09 09:20:00",72108,1.193,100.8,22.32,64.18,0,566.6,567.8,0
"2018-09-09 09:30:00",72109,0.525,119.6,22.88,59.99,0,594.1,595.2,0
"2018-09-09 09:40:00",72110,0.695,110.7,23.27,59.72,0,623.1,624.5,0
"2018-09-09 09:50:00",72111,1.139,52.27,23.65,58.22,0,655.5,657.3,0.077
"2018-09-09 10:00:00",72112,1.153,39.04,23.54,54.71,0,685.7,688,0.018
"2018-09-09 10:10:00",72113,1.04,10.99,23.72,57.1,0,710.2,712.8,0
"2018-09-09 10:20:00",72114,1.694,285.4,24.25,54.59,0,728.6,731.4,0
"2018-09-09 10:30:00",72115,1.165,347.8,24.5,51.4,0,744.1,747.7,0
"2018-09-09 10:40:00",72116,1.964,29.35,24.33,48.23,0,771.7,775.8,0.966
"2018-09-09 10:50:00",72117,1.831,13.25,24.39,52.18,0,791.5,795.8,0.624
"2018-09-09 11:00:00",72118,1.728,336.9,24.71,54.94,0,813,817,0.232
"2018-09-09 11:10:00",72119,3.18,286.2,24.47,56.26,0,817,822,0
"2018-09-09 11:20:00",72120,2.197,291.8,24.48,55.85,0,838,844,0
"2018-09-09 11:30:00",72121,2.824,287.9,24.95,55.61,0,849,856,0
"2018-09-09 11:40:00",72122,2.47,300.8,25.14,53.43,0,861,867,0.018
"2018-09-09 11:50:00",72123,2.744,298.6,25.01,48.89,0,880,887,0
"2018-09-09 12:00:00",72124,3.959,295.3,24.83,50.94,0,889,896,0
"2018-09-09 12:10:00",72125,3.814,290.5,25.07,44.91,0,895,902,0
"2018-09-09 12:20:00",72126,4.176,296.6,25.18,47.29,0,902,908,0
"2018-09-09 12:30:00",72127,4.78,299.7,24.84,48.84,0,902,909,0
"2018-09-09 12:40:00",72128,3.75,300.2,24.94,49.26,0,904,910,0
"2018-09-09 12:50:00",72129,3.866,307.9,25.07,46.16,0,900,906,0
"2018-09-09 13:00:00",72130,4.409,298,24.79,45.52,0,897,903,0
"2018-09-09 13:10:00",72131,3.854,304.7,24.92,43.26,0,892,898,0
"2018-09-09 13:20:00",72132,4.108,302.3,25.15,43.13,0,887,892,0
"2018-09-09 13:30:00",72133,4.614,297.2,25.17,47.27,0,874,880,0
"2018-09-09 13:40:00",72134,4.545,300.4,24.87,45.28,0,866,872,0
"2018-09-09 13:50:00",72135,3.512,300.5,25.48,45.27,0,857,862,0
"2018-09-09 14:00:00",72136,3.769,305,25.23,43.16,0,842,847,0
"2018-09-09 14:10:00",72137,4.331,297.1,25.17,39.34,0,830,834,0.004
"2018-09-09 14:20:00",72138,5.094,294,25.07,46.49,0,811,815,0.055
"2018-09-09 14:30:00",72139,3.691,300.8,25.16,42.13,0,787.8,791.3,0
"2018-09-09 14:40:00",72140,3.207,304.5,25.6,42.21,0,765.5,768.2,0.077
"2018-09-09 14:50:00",72141,3.642,300.7,25.45,47.98,0,742.3,744.6,0.226
"2018-09-09 15:00:00",72142,5.102,298.4,24.78,49.97,0,718.2,720.6,0.869
"2018-09-09 15:10:00",72143,4.277,296.8,24.95,48.39,0,693,694.4,0.061
"2018-09-09 15:20:00",72144,4.54,296.5,25.13,51.23,0,664.7,667,0.595
"2018-09-09 15:30:00",72145,5.075,297,24.74,50.99,0,640,642.9,0.514
"2018-09-09 15:40:00",72146,4.42,303.8,24.59,48.97,0,610.9,614.1,0.393
"2018-09-09 15:50:00",72147,5.159,295,24.54,52.48,0,580.2,583.9,0.709
"2018-09-09 16:00:00",72148,4.065,297.1,24.58,50.05,0,548.9,552.5,0.257
"2018-09-09 16:10:00",72149,4.442,294.1,24.73,53.29,0,516,519.5,0.558
"2018-09-09 16:20:00",72150,4.561,293.1,24.47,52.29,0,481,484.1,0.529
"2018-09-09 16:30:00",72151,4.974,294.9,24.39,53.24,0,448.2,450.5,0
"2018-09-09 16:40:00",72152,5.027,293.7,24.22,54.32,0,413.7,414.8,0
"2018-09-09 16:50:00",72153,4.457,298.3,24.14,52.58,0,377.7,377.5,0
"2018-09-09 17:00:00",72154,5.054,295.9,23.93,52.88,0,341.1,340,0
"2018-09-09 17:10:00",72155,4.709,296.2,23.78,52.46,0,307.6,305.9,0
"2018-09-09 17:20:00",72156,4.091,294.5,23.77,52.7,0,271,269.4,0
"2018-09-09 17:30:00",72157,4.826,289.2,23.88,53.05,0,232.5,231.6,0
"2018-09-09 17:40:00",72158,5.369,293.1,23.47,54.15,0,196.1,195.6,0
"2018-09-09 17:50:00",72159,4.724,295.2,23.32,53.12,0,161.9,161.3,0
"2018-09-09 18:00:00",72160,4.35,289.6,23.21,53.63,0,129,128.3,0
"2018-09-09 18:10:00",72161,3.199,281.8,23.26,52.41,0,96.3,95.9,0
"2018-09-09 18:20:00",72162,3.859,286.8,22.94,49.34,0,66.21,66.14,0
"2018-09-09 18:30:00",72163,3.061,288.2,22.64,50.24,0,40.17,40.22,0
"2018-09-09 18:40:00",72164,2.707,283.9,22.31,50.11,0,17.03,17.38,0
"2018-09-09 18:50:00",72165,2.524,283.9,21.9,51.06,0,3.821,4.142,0
"2018-09-09 19:00:00",72166,2.491,287.6,21.64,52.94,0,0.014,0,0
"2018-09-09 19:10:00",72167,2.11,275.1,21.44,55.06,0,0,0,0
"2018-09-09 19:20:00",72168,1.676,274.9,21.19,58.44,0,0,0,0
"2018-09-09 19:30:00",72169,1.036,267.1,20.99,61.08,0,0,0,0
"2018-09-09 19:40:00",72170,1.502,272.4,20.8,61.91,0,0,0,0
"2018-09-09 19:50:00",72171,0.7,254.6,20.52,63.96,0,0,0,0
"2018-09-09 20:00:00",72172,0.612,256.5,20.27,65.65,0,0,0,0
"2018-09-09 20:10:00",72173,0.907,259,20.08,65.69,0,0,0,0
"2018-09-09 20:20:00",72174,0.832,254.8,20.05,64.96,0,0,0,0
"2018-09-09 20:30:00",72175,0.442,242.9,20,65.36,0,0,0,0
"2018-09-09 20:40:00",72176,1.164,234,20.5,62.94,0,0,0,0
"2018-09-09 20:50:00",72177,1.411,226.6,20.73,62.71,0,0,0,0
"2018-09-09 21:00:00",72178,1.435,229.6,20.83,62.42,0,0,0,0
"2018-09-09 21:10:00",72179,1.225,232.7,20.68,64.63,0,0,0,0
"2018-09-09 21:20:00",72180,0.409,237.9,20.35,67.1,0,0,0,0
"2018-09-09 21:30:00",72181,0.292,251.6,19.91,67.71,0,0,0,0
"2018-09-09 21:40:00",72182,0.263,230.5,19.75,67.53,0,0,0,0
"2018-09-09 21:50:00",72183,0.248,199.7,19.78,67.94,0,0,0,0
"2018-09-09 22:00:00",72184,0.158,199.2,19.66,68.88,0,0,0,0
"2018-09-09 22:10:00",72185,0,0,19.18,74.71,0,0,0,0
"2018-09-09 22:20:00",72186,0,0,18.72,72.25,0,0,0,0
"2018-09-09 22:30:00",72187,0,0,18.93,75.12,0,0,0,0
"2018-09-09 22:40:00",72188,0.011,113.9,18.23,79.53,0,0,0,0
"2018-09-09 22:50:00",72189,0.205,90.9,17.78,81.1,0,0,0,0
"2018-09-09 23:00:00",72190,0,0,17.57,82,0,0,0,0
"2018-09-09 23:10:00",72191,0,0,17.52,82.1,0,0,0,0
"2018-09-09 23:20:00",72192,0.215,84.5,17.38,83.9,0,0,0,0
"2018-09-09 23:30:00",72193,0.323,82.8,17.06,84.4,0,0,0,0
"2018-09-09 23:40:00",72194,0.47,87.7,17.06,84.9,0,0,0,0
"2018-09-09 23:50:00",72195,0.235,83.2,16.94,86.4,0,0,0,0
"2018-09-10 00:00:00",72196,0.172,86,16.77,86.5,0,0,0,0
